1	000001	平安银行	16.24	0.0	0	17.86	14.62	18891580601	18891415083	1	0.01	19910606	
2	000002	万 科Ａ	31.01	0.0	0	34.11	27.91	11302143001	9715170043	1	0.01	19910403	
4	000004	国农科技	21.97	0.0	0	24.17	19.77	83976684	82604584	1	0.01	19910403	
5	000005	世纪星源	2.99	0.0	0	3.29	2.69	1058536842	1057946242	1	0.01	19940103	
6	000006	深振业Ａ	5.25	0.0	0	5.78	4.73	1349995046	1348307972	1	0.01	19920426	
7	000007	全新好	9.84	0.0	0	10.82	8.86	346448044	308948044	1	0.01	19920412	
8	000008	神州高铁	3.63	0.0	0	3.99	3.27	2780795346	2593770878	1	0.01	19920506	
9	000009	中国宝安	4.66	0.0	0	5.13	4.19	2579213965	2543836879	1	0.01	19910625	
10	000010	*ST美丽	3.33	0.0	0	3.5	3.16	819854713	522093498	1	0.01	19951027	
11	000011	深物业A	9.13	0.0	0	10.04	8.22	595979092	526442569	1	0.01	19920329	
12	000012	南 玻Ａ	4.71	0.0	0	5.18	4.24	3108196163	1957552744	1	0.01	19920228	
14	000014	沙河股份	9.28	0.0	0	10.21	8.35	201705187	201705187	1	0.01	19920601	
16	000016	深康佳Ａ	4.42	0.0	0	4.86	3.98	2407945408	1596574300	1	0.01	19920326	
17	000017	深中华A	4.44	0.0	0	4.88	4.0	551347947	302981008	1	0.01	19920330	
18	000018	神城A退	0.27	0.0	0	0.3	0.24	1434441780	995889682	1	0.01	19920615	
19	000019	深粮控股	5.99	0.0	0	6.59	5.39	1152535254	415920398	1	0.01	19921011	
20	000020	深华发Ａ	10.5	0.0	0	11.55	9.45	283161227	181165391	1	0.01	19920427	
21	000021	深科技	11.05	0.0	0	12.16	9.95	1471259363	1469327064	1	0.01	19940202	
23	000023	深天地Ａ	12.58	0.0	0	13.84	11.32	138756240	138756240	1	0.01	19930428	
25	000025	特 力Ａ	20.7	0.0	0	22.77	18.63	431058320	392778320	1	0.01	19930621	
26	000026	飞亚达Ａ	12.54	0.0	0	13.79	11.29	442968881	356716368	1	0.01	19930602	
27	000027	深圳能源	6.14	0.0	0	6.75	5.53	3964491597	3964491597	1	0.01	19930902	
28	000028	国药一致	45.39	0.0	0	49.93	40.85	428126983	307744355	1	0.01	19930807	
29	000029	深深房Ａ	10.97	0.0	0	12.07	9.87	1011660000	891660000	1	0.01	19930915	
30	000030	富奥股份	4.74	0.0	0	5.21	4.27	1810552111	1759880870	1	0.01	19930928	
31	000031	大悦城	6.94	0.0	0	7.63	6.25	3925870338	1813722958	1	0.01	19931007	
32	000032	深桑达Ａ	13.37	0.0	0	14.71	12.03	413219661	411283660	1	0.01	19931028	
34	000034	神州数码	20.11	0.0	0	22.12	18.1	654070434	485475941	1	0.01	19940509	
35	000035	中国天楹	6.02	0.0	0	6.62	5.42	2523777297	1281089502	1	0.01	19940408	
36	000036	华联控股	4.13	0.0	0	4.54	3.72	1483934025	1475023303	1	0.01	19940617	
37	000037	深南电A	12.81	0.0	0	14.09	11.53	602762596	338894012	1	0.01	19940701	
38	000038	深大通	12.09	0.0	0	13.3	10.88	522777419	231571139	1	0.01	19940808	
39	000039	中集集团	9.91	0.0	0	10.9	8.92	3583536482	1522729521	1	0.01	19940408	
40	000040	东旭蓝天	4.0	0.0	0	4.4	3.6	1486873870	1060340670	1	0.01	19940808	
42	000042	中洲控股	10.74	0.0	0	11.81	9.67	664831139	662202464	1	0.01	19940921	
45	000045	深纺织Ａ	7.37	0.0	0	8.11	6.63	509338429	457021849	1	0.01	19940815	
46	000046	泛海控股	4.5	0.0	0	4.95	4.05	5196200656	5174964633	1	0.01	19940912	
48	000048	康达尔	21.56	0.0	0	23.72	19.4	402491731	402428671	1	0.01	19941101	
49	000049	德赛电池	39.41	0.0	0	43.35	35.47	207197738	205243738	1	0.01	19950320	
50	000050	深天马Ａ	16.5	0.0	0	18.15	14.85	2048123051	1828857609	1	0.01	19950315	
55	000055	方大集团	4.51	0.0	0	4.96	4.06	1123384189	678283904	1	0.01	19960415	
56	000056	皇庭国际	4.2	0.0	0	4.62	3.78	1175345368	903733208	1	0.01	19960708	
58	000058	深 赛 格	7.35	0.0	0	8.09	6.62	1235656249	538039603	1	0.01	19961226	
59	000059	华锦股份	5.89	0.0	0	6.48	5.3	1599442537	1599439081	1	0.01	19970130	
60	000060	中金岭南	4.05	0.0	0	4.46	3.65	3569685327	3568237689	1	0.01	19970123	
61	000061	农 产 品	5.49	0.0	0	6.04	4.94	1696964131	1695416233	1	0.01	19970110	
62	000062	深圳华强	14.33	0.0	0	15.76	12.9	1045909322	1044645006	1	0.01	19970130	
63	000063	中兴通讯	32.26	0.0	0	35.49	29.03	4192671843	3434115193	1	0.01	19971118	
65	000065	北方国际	8.33	0.0	0	9.16	7.5	769505410	628943607	1	0.01	19980605	
66	000066	中国长城	15.63	0.0	0	17.19	14.07	2928182053	2490702309	1	0.01	19970626	
68	000068	华控赛格	4.01	0.0	0	4.41	3.61	1006671464	1006671464	1	0.01	19970611	
69	000069	华侨城Ａ	7.39	0.0	0	8.13	6.65	8202506415	7016787409	1	0.01	19970910	
70	000070	特发信息	10.66	0.0	0	11.73	9.59	813325730	791991380	1	0.01	20000511	
78	000078	海王生物	3.31	0.0	0	3.64	2.98	2762583257	2621960807	1	0.01	19981218	
88	000088	盐 田 港	5.49	0.0	0	6.04	4.94	1942200000	1942200000	1	0.01	19970728	
89	000089	深圳机场	9.69	0.0	0	10.66	8.72	2050769509	2050769509	1	0.01	19980420	
90	000090	天健集团	5.08	0.0	0	5.59	4.57	1868545434	1868415681	1	0.01	19990721	
96	000096	广聚能源	11.1	0.0	0	12.21	9.99	528000000	510848000	1	0.01	20000724	
99	000099	中信海直	7.25	0.0	0	7.98	6.53	606070420	606070420	1	0.01	20000731	
100	000100	TCL 集团	4.39	0.0	0	4.83	3.95	13528438719	12783844749	1	0.01	20040130	
150	000150	宜华健康	4.84	0.0	0	5.32	4.36	877697557	805990242	1	0.01	20000807	
151	000151	中成股份	10.24	0.0	0	11.26	9.22	295980000	266543967	1	0.01	20000906	
153	000153	丰原药业	6.27	0.0	0	6.9	5.64	312141230	311977230	1	0.01	20000920	
155	000155	川能动力	4.2	0.0	0	4.62	3.78	1270000000	1270000000	1	0.01	20000926	
156	000156	华数传媒	9.82	0.0	0	10.8	8.84	1433351902	1280295337	1	0.01	20121019	
157	000157	中联重科	6.39	0.0	0	7.03	5.75	7868536630	6350855346	1	0.01	20001012	
158	000158	常山北明	6.25	0.0	0	6.88	5.63	1598616721	1569910190	1	0.01	20000724	
159	000159	国际实业	5.75	0.0	0	6.33	5.18	480685993	480685993	1	0.01	20000926	
166	000166	申万宏源	4.91	0.0	0	5.4	4.42	25039944560	22534414205	1	0.01	20150126	
301	000301	东方盛虹	5.13	0.0	0	5.64	4.62	4029053222	1218236445	1	0.01	20000529	
333	000333	美的集团	57.27	0.0	0	63.0	51.54	6938903035	6801812922	1	0.01	20130918	
338	000338	潍柴动力	14.77	0.0	0	16.25	13.29	7933873895	4245035750	1	0.01	20070430	
400	000400	许继电气	10.55	0.0	0	11.61	9.5	1008327309	1008180305	1	0.01	19970418	
401	000401	冀东水泥	15.44	0.0	0	16.98	13.9	1347522914	1347214601	1	0.01	19960614	
402	000402	金 融 街	7.96	0.0	0	8.76	7.16	2988929907	2987631546	1	0.01	19960626	
403	000403	双林生物	30.25	0.0	0	33.28	27.23	272577599	271404099	1	0.01	19960628	
404	000404	长虹华意	3.87	0.0	0	4.26	3.48	695995979	694622798	1	0.01	19960619	
407	000407	胜利股份	3.56	0.0	0	3.92	3.2	880084656	875743830	1	0.01	19960703	
408	000408	藏格控股	7.09	0.0	0	7.8	6.38	1993779522	473486085	1	0.01	19960628	
409	000409	ST地矿	5.15	0.0	0	5.41	4.89	510931158	405631244	1	0.01	20050530	
410	000410	*ST沈机	6.95	0.0	0	7.3	6.6	1684035944	1680914444	1	0.01	19960718	
411	000411	英特集团	11.81	0.0	0	12.99	10.63	248939935	207317071	1	0.01	20020625	
413	000413	东旭光电	3.37	0.0	0	3.71	3.03	5730250118	4864155314	1	0.01	19960925	
415	000415	渤海租赁	3.7	0.0	0	4.07	3.33	6184521282	3547396604	1	0.01	19960716	
416	000416	民生控股	5.46	0.0	0	6.01	4.91	531871494	531641098	1	0.01	19960719	
417	000417	合肥百货	4.83	0.0	0	5.31	4.35	779884200	779027451	1	0.01	19960812	
419	000419	通程控股	4.5	0.0	0	4.95	4.05	543582655	543289983	1	0.01	19960816	
420	000420	吉林化纤	2.14	0.0	0	2.35	1.93	1970706656	1850480524	1	0.01	19960802	
421	000421	南京公用	4.44	0.0	0	4.88	4.0	572646934	572646934	1	0.01	19960806	
422	000422	ST宜化	2.87	0.0	0	3.01	2.73	897866712	897812984	1	0.01	19960815	
423	000423	东阿阿胶	34.89	0.0	0	38.38	31.4	654021537	653867313	1	0.01	19960729	
425	000425	徐工机械	5.05	0.0	0	5.56	4.55	7833668430	6995037403	1	0.01	19960828	
426	000426	兴业矿业	4.51	0.0	0	4.96	4.06	1837192219	1298967555	1	0.01	19960828	
428	000428	华天酒店	2.56	0.0	0	2.82	2.3	1018926000	1018884450	1	0.01	19960808	
429	000429	粤高速Ａ	7.98	0.0	0	8.78	7.18	2090806126	1302772793	1	0.01	19980220	
430	000430	张家界	5.08	0.0	0	5.59	4.57	404817686	331738800	1	0.01	19960829	
488	000488	晨鸣纸业	4.8	0.0	0	5.28	4.32	2904608200	1656524003	1	0.01	20001120	
498	000498	山东路桥	4.55	0.0	0	5.01	4.1	1120139063	1120080313	1	0.01	19970609	
501	000501	鄂武商Ａ	12.88	0.0	0	14.17	11.59	768992731	767757255	1	0.01	19921119	
502	000502	绿景控股	7.01	0.0	0	7.71	6.31	184819607	183346957	1	0.01	19921122	
503	000503	国新健康	17.4	0.0	0	19.14	15.66	898822204	898779932	1	0.01	19921129	
504	000504	*ST生物	8.52	0.0	0	8.95	8.09	311573901	310673201	1	0.01	19921207	
505	000505	京粮控股	5.31	0.0	0	5.84	4.78	685790364	406127806	1	0.01	19921220	
506	000506	中润资源	2.85	0.0	0	3.14	2.57	929017761	928670961	1	0.01	19930311	
507	000507	珠海港	6.11	0.0	0	6.72	5.5	930424895	772143777	1	0.01	19930325	
509	000509	华塑控股	2.39	0.0	0	2.63	2.15	825483117	825479873	1	0.01	19930506	
510	000510	新金路	3.86	0.0	0	4.25	3.47	609182254	549479157	1	0.01	19930506	
513	000513	丽珠集团	31.13	0.0	0	34.24	28.02	934762675	595589144	1	0.01	19931028	
514	000514	渝 开 发	3.97	0.0	0	4.37	3.57	843770965	843770965	1	0.01	19930710	
516	000516	国际医学	4.52	0.0	0	4.97	4.07	1971049302	1929001640	1	0.01	19930807	
517	000517	荣安地产	2.62	0.0	0	2.88	2.36	3183922485	3035707316	1	0.01	19930804	
518	000518	四环生物	3.3	0.0	0	3.63	2.97	1029556222	1029535693	1	0.01	19920624	
519	000519	中兵红箭	7.57	0.0	0	8.33	6.81	1392558982	932647561	1	0.01	19931007	
520	000520	长航凤凰	4.27	0.0	0	4.7	3.84	1012083455	1012083455	1	0.01	19931025	
521	000521	长虹美菱	3.32	0.0	0	3.65	2.99	1044597881	872090413	1	0.01	19931018	
523	000523	广州浪奇	7.36	0.0	0	8.1	6.62	627533125	626903116	1	0.01	19931108	
524	000524	岭南控股	7.27	0.0	0	8.0	6.54	670208597	272301442	1	0.01	19931118	
525	000525	红 太 阳	9.9	0.0	0	10.89	8.91	580772873	574398865	1	0.01	19931028	
526	000526	紫光学大	30.99	0.0	0	34.09	27.89	96195107	96195107	1	0.01	19931101	
528	000528	柳 工	6.54	0.0	0	7.19	5.89	1476111376	1462622772	1	0.01	19931118	
529	000529	广弘控股	6.61	0.0	0	7.27	5.95	583790330	569884377	1	0.01	19931118	
530	000530	大冷股份	3.84	0.0	0	4.22	3.46	843212507	597747977	1	0.01	19931208	
531	000531	穗恒运Ａ	6.64	0.0	0	7.3	5.98	685082820	685082820	1	0.01	19940106	
532	000532	华金资本	11.26	0.0	0	12.39	10.13	344708340	343483446	1	0.01	19940103	
533	000533	顺钠股份	2.73	0.0	0	3.0	2.46	690816000	684902400	1	0.01	19940103	
534	000534	万泽股份	9.06	0.0	0	9.97	8.15	491785096	491375657	1	0.01	19940110	
536	000536	华映科技	2.9	0.0	0	3.19	2.61	2766032803	2763081622	1	0.01	20020628	
537	000537	广宇发展	7.77	0.0	0	8.55	6.99	1862520720	405945814	1	0.01	19931210	
538	000538	云南白药	86.46	0.0	0	95.11	77.81	1277403317	605664832	1	0.01	19931215	
539	000539	粤电力Ａ	4.03	0.0	0	4.43	3.63	5250283986	2553907040	1	0.01	19931126	
540	000540	中天金融	3.28	0.0	0	3.61	2.95	7005254679	6957049188	1	0.01	19940202	
541	000541	佛山照明	4.8	0.0	0	5.28	4.32	1399346154	1072071544	1	0.01	19931123	
543	000543	皖能电力	4.57	0.0	0	5.03	4.11	2266863331	1790395978	1	0.01	19931220	
544	000544	中原环保	6.15	0.0	0	6.77	5.54	974684488	974684488	1	0.01	19931208	
545	000545	金浦钛业	2.95	0.0	0	3.25	2.66	986833096	959403096	1	0.01	20130726	
546	000546	金圆股份	10.29	0.0	0	11.32	9.26	714644396	667936120	1	0.01	20020808	
547	000547	航天发展	9.71	0.0	0	10.68	8.74	1605678881	1101872269	1	0.01	19931130	
548	000548	湖南投资	4.06	0.0	0	4.47	3.65	499215811	499169124	1	0.01	19931220	
550	000550	江铃汽车	13.85	0.0	0	15.24	12.47	863214000	518427060	1	0.01	19931201	
551	000551	创元科技	6.5	0.0	0	7.15	5.85	400080405	400080405	1	0.01	19940106	
552	000552	靖远煤电	2.49	0.0	0	2.74	2.24	2286971050	2283741262	1	0.01	20060330	
553	000553	安道麦A	9.94	0.0	0	10.93	8.95	2446553582	468616702	1	0.01	19931203	
554	000554	泰山石油	4.72	0.0	0	5.19	4.25	480793320	362649713	1	0.01	19931215	
555	000555	神州信息	12.58	0.0	0	13.84	11.32	970381273	941084909	1	0.01	19940408	
557	000557	西部创业	3.3	0.0	0	3.63	2.97	1458374735	1457916198	1	0.01	20021216	
558	000558	莱茵体育	3.18	0.0	0	3.5	2.86	1289223949	1288419854	1	0.01	19940509	
559	000559	万向钱潮	5.18	0.0	0	5.7	4.66	2753159454	2753149374	1	0.01	19940110	
560	000560	我爱我家	4.24	0.0	0	4.66	3.82	2355500851	1797750374	1	0.01	19940202	
561	000561	烽火电子	7.11	0.0	0	7.82	6.4	604692321	596494745	1	0.01	20051017	
563	000563	陕国投Ａ	4.18	0.0	0	4.6	3.76	3964012846	3964012846	1	0.01	19940110	
564	000564	供销大集	2.33	0.0	0	2.56	2.1	6007828231	2005895931	1	0.01	19940110	
565	000565	渝三峡Ａ	5.0	0.0	0	5.5	4.5	433592220	433592220	1	0.01	19940408	
566	000566	海南海药	5.76	0.0	0	6.34	5.18	1335979264	1203496461	1	0.01	19940525	
567	000567	海德股份	8.44	0.0	0	9.28	7.6	641138926	217783026	1	0.01	19940525	
568	000568	泸州老窖	81.61	0.0	0	89.77	73.45	1464752476	1460105295	1	0.01	19940509	
570	000570	苏常柴Ａ	4.45	0.0	0	4.9	4.01	561374326	411374326	1	0.01	19940701	
571	000571	*ST大洲	2.67	0.0	0	2.8	2.54	814064000	806168744	1	0.01	19940525	
572	000572	*ST 海马	1.89	0.0	0	1.98	1.8	1644636426	1642155224	1	0.01	19940808	
573	000573	粤宏远Ａ	3.0	0.0	0	3.3	2.7	648730604	629098003	1	0.01	19940815	
576	000576	广东甘化	7.09	0.0	0	7.8	6.38	442861324	427984418	1	0.01	19940907	
581	000581	威孚高科	18.78	0.0	0	20.66	16.9	1008950570	836490491	1	0.01	19980924	
582	000582	北部湾港	8.44	0.0	0	9.28	7.6	1634616854	348326825	1	0.01	19951102	
584	000584	哈工智能	6.04	0.0	0	6.64	5.44	613324339	598315925	1	0.01	19951128	
585	000585	ST东电	1.96	0.0	0	2.06	1.86	873370000	609420978	1	0.01	20021014	
586	000586	汇源通信	10.11	0.0	0	11.12	9.1	193440000	193440000	1	0.01	19951220	
587	000587	金洲慈航	1.76	0.0	0	1.94	1.58	2123749330	1213011850	1	0.01	19960425	
589	000589	贵州轮胎	4.61	0.0	0	5.07	4.15	775464304	775388237	1	0.01	19960308	
590	000590	启迪古汉	11.83	0.0	0	13.01	10.65	239471267	223236227	1	0.01	19960119	
591	000591	太阳能	3.63	0.0	0	3.99	3.27	3007098032	2037098929	1	0.01	19960208	
592	000592	平潭发展	2.79	0.0	0	3.07	2.51	1931780892	1913824415	1	0.01	19960327	
593	000593	大通燃气	5.93	0.0	0	6.52	5.34	358631009	358483169	1	0.01	19960312	
595	000595	宝塔实业	3.06	0.0	0	3.37	2.75	764279250	751761850	1	0.01	19960419	
596	000596	古井贡酒	116.88	0.0	0	128.57	105.19	503600000	383600000	1	0.01	19960927	
597	000597	东北制药	6.8	0.0	0	7.48	6.12	904726630	817227873	1	0.01	19960523	
598	000598	兴蓉环境	4.56	0.0	0	5.02	4.1	2986218602	2986218602	1	0.01	19960529	
599	000599	青岛双星	4.63	0.0	0	5.09	4.17	828503191	767691542	1	0.01	19960430	
600	000600	建投能源	4.79	0.0	0	5.27	4.31	1791626376	1090044126	1	0.01	19960606	
601	000601	韶能股份	5.56	0.0	0	6.12	5.0	1080551669	1079832057	1	0.01	19960830	
603	000603	盛达资源	13.56	0.0	0	14.92	12.2	689969346	578804714	1	0.01	19960823	
605	000605	渤海股份	6.71	0.0	0	7.38	6.04	352658600	272987492	1	0.01	19960913	
606	000606	顺利办	5.45	0.0	0	6.0	4.91	765799353	707201606	1	0.01	19961004	
607	000607	华媒控股	4.72	0.0	0	5.19	4.25	1017698410	884840694	1	0.01	19960830	
608	000608	阳光股份	5.14	0.0	0	5.65	4.63	749913309	749801859	1	0.01	19960919	
609	000609	中迪投资	4.92	0.0	0	5.41	4.43	299265522	291973722	1	0.01	19961010	
610	000610	西安旅游	9.07	0.0	0	9.98	8.16	236747901	235245816	1	0.01	19960926	
611	000611	*ST天首	4.04	0.0	0	4.24	3.84	337822022	319347925	1	0.01	19961008	
612	000612	焦作万方	4.14	0.0	0	4.55	3.73	1192199394	1189200727	1	0.01	19960926	
613	000613	大东海A	5.52	0.0	0	6.07	4.97	364100000	265876600	1	0.01	20021018	
615	000615	京汉股份	4.5	0.0	0	4.95	4.05	782307677	747535072	1	0.01	19961016	
616	000616	海航投资	2.38	0.0	0	2.62	2.14	1430234425	1430234425	1	0.01	19961108	
617	000617	中油资本	11.83	0.0	0	13.01	10.65	9030056485	287539200	1	0.01	19961022	
619	000619	海螺型材	5.52	0.0	0	6.07	4.97	360000000	360000000	1	0.01	19961023	
620	000620	新华联	4.59	0.0	0	5.05	4.13	1896690420	1896614445	1	0.01	20110708	
622	000622	恒立实业	4.82	0.0	0	5.3	4.34	425226000	425226000	1	0.01	19961107	
623	000623	吉林敖东	15.9	0.0	0	17.49	14.31	1163032535	1142040102	1	0.01	19961028	
625	000625	长安汽车	9.52	0.0	0	10.47	8.57	4802648511	3900643469	1	0.01	19970610	
626	000626	远大控股	7.59	0.0	0	8.35	6.83	542874902	463946400	1	0.01	19961128	
627	000627	天茂集团	6.82	0.0	0	7.5	6.14	4940629165	4303129165	1	0.01	19961112	
628	000628	高新发展	9.59	0.0	0	10.55	8.63	311480000	187980340	1	0.01	19961118	
629	000629	攀钢钒钛	2.81	0.0	0	3.09	2.53	8589746202	4767139025	1	0.01	19961115	
630	000630	铜陵有色	2.17	0.0	0	2.39	1.95	10526533308	9560558253	1	0.01	19961120	
631	000631	顺发恒业	2.72	0.0	0	2.99	2.45	2432519168	2432519168	1	0.01	19961122	
632	000632	三木集团	6.27	0.0	0	6.9	5.64	465519570	465485356	1	0.01	19961121	
633	000633	合金投资	4.01	0.0	0	4.41	3.61	385106373	385104123	1	0.01	19961112	
635	000635	英 力 特	7.48	0.0	0	8.23	6.73	303087602	303087602	1	0.01	19961120	
636	000636	风华高科	13.91	0.0	0	15.3	12.52	895233111	895203111	1	0.01	19961129	
637	000637	茂化实华	4.27	0.0	0	4.7	3.84	519875356	366494967	1	0.01	19961114	
638	000638	万方发展	4.83	0.0	0	5.31	4.35	309400000	309400000	1	0.01	19961126	
639	000639	西王食品	4.44	0.0	0	4.88	4.0	1079428095	1076348725	1	0.01	19961126	
650	000650	仁和药业	6.15	0.0	0	6.77	5.54	1238340076	1180393145	1	0.01	19961210	
651	000651	格力电器	64.5	0.0	0	70.95	58.05	6015730878	5969919153	1	0.01	19961118	
652	000652	泰达股份	3.48	0.0	0	3.83	3.13	1475573852	1474125684	1	0.01	19961128	
655	000655	金岭矿业	5.25	0.0	0	5.78	4.73	595340230	595340230	1	0.01	19961128	
656	000656	金科股份	7.58	0.0	0	8.34	6.82	5339715816	5247238049	1	0.01	19961128	
657	000657	中钨高新	6.56	0.0	0	7.22	5.9	880116529	773520517	1	0.01	19961205	
659	000659	珠海中富	2.71	0.0	0	2.98	2.44	1285702520	1285702520	1	0.01	19961203	
661	000661	长春高新	423.85	0.0	0	466.24	381.47	199974594	169992095	1	0.01	19961218	
662	000662	天夏智慧	5.58	0.0	0	6.14	5.02	1093097734	1092980729	1	0.01	19961216	
663	000663	永安林业	4.65	0.0	0	5.12	4.19	336683929	255037222	1	0.01	19961206	
665	000665	湖北广电	5.27	0.0	0	5.8	4.74	963569969	963491814	1	0.01	19961210	
666	000666	经纬纺机	10.73	0.0	0	11.8	9.66	704130000	293518766	1	0.01	19961210	
667	000667	美好置业	2.73	0.0	0	3.0	2.46	2466988633	2447314632	1	0.01	19961205	
668	000668	荣丰控股	13.71	0.0	0	15.08	12.34	146841890	146688393	1	0.01	19961210	
669	000669	金鸿控股	3.78	0.0	0	4.16	3.4	680408797	666445749	1	0.01	19961210	
670	000670	*ST盈方	2.26	0.0	0	2.37	2.15	816627360	600167286	1	0.01	19961217	
671	000671	阳 光 城	8.0	0.0	0	8.8	7.2	4050073315	3971888118	1	0.01	19961218	
672	000672	上峰水泥	16.68	0.0	0	18.35	15.01	813619871	806413601	1	0.01	19961218	
673	000673	当代东方	5.24	0.0	0	5.76	4.72	791550442	789510358	1	0.01	19970124	
676	000676	智度股份	8.96	0.0	0	9.86	8.06	1326000097	653837350	1	0.01	19961224	
677	000677	恒天海龙	3.6	0.0	0	3.96	3.24	863977948	863977948	1	0.01	19961226	
678	000678	襄阳轴承	7.09	0.0	0	7.8	6.38	459611797	459611797	1	0.01	19970106	
679	000679	大连友谊	3.66	0.0	0	4.03	3.29	356400000	356350622	1	0.01	19970124	
680	000680	山推股份	3.44	0.0	0	3.78	3.1	1240787611	1056929932	1	0.01	19970122	
681	000681	视觉中国	16.38	0.0	0	18.02	14.74	700577436	661177568	1	0.01	19970121	
682	000682	东方电子	4.94	0.0	0	5.43	4.45	1340727007	978022745	1	0.01	19970121	
683	000683	远兴能源	2.19	0.0	0	2.41	1.97	3924398991	3561192624	1	0.01	19970130	
685	000685	中山公用	8.02	0.0	0	8.82	7.22	1475111351	1253229908	1	0.01	19970123	
686	000686	东北证券	8.61	0.0	0	9.47	7.75	2340452915	2340452915	1	0.01	19970227	
687	000687	华讯方舟	6.61	0.0	0	7.27	5.95	759536502	752778276	1	0.01	19970221	
688	000688	国城矿业	12.77	0.0	0	14.05	11.49	1137299314	1137294994	1	0.01	19970120	
690	000690	宝新能源	5.68	0.0	0	6.25	5.11	2175887862	2084122681	1	0.01	19970128	
691	000691	亚太实业	3.83	0.0	0	4.21	3.45	323270000	290486300	1	0.01	19970228	
692	000692	惠天热电	2.9	0.0	0	3.19	2.61	532832976	532785880	1	0.01	19970227	
695	000695	滨海能源	7.29	0.0	0	8.02	6.56	222147539	221721339	1	0.01	19970218	
697	000697	炼石航空	10.29	0.0	0	11.32	9.26	671616059	565706433	1	0.01	19970325	
698	000698	沈阳化工	3.23	0.0	0	3.55	2.91	819514395	785684657	1	0.01	19970220	
700	000700	模塑科技	4.01	0.0	0	4.41	3.61	827181823	717211149	1	0.01	19970228	
701	000701	厦门信达	5.36	0.0	0	5.9	4.82	406613056	406613056	1	0.01	19970226	
702	000702	正虹科技	5.73	0.0	0	6.3	5.16	266634576	266634576	1	0.01	19970318	
703	000703	恒逸石化	12.96	0.0	0	14.26	11.66	2841725474	2282655356	1	0.01	19970328	
705	000705	浙江震元	6.39	0.0	0	7.03	5.75	334123286	281983639	1	0.01	19970410	
707	000707	ST双环	3.25	0.0	0	3.41	3.09	464145765	464144265	1	0.01	19970415	
708	000708	中信特钢	22.71	0.0	0	24.98	20.44	2968907902	449408480	1	0.01	19970326	
709	000709	河钢股份	2.51	0.0	0	2.76	2.26	10618607852	10616892601	1	0.01	19970416	
710	000710	贝瑞基因	36.6	0.0	0	40.26	32.94	354605865	230510250	1	0.01	19970422	
711	000711	京蓝科技	5.58	0.0	0	6.14	5.02	1023667816	739570320	1	0.01	19970411	
712	000712	锦龙股份	14.4	0.0	0	15.84	12.96	896000000	795996797	1	0.01	19970415	
713	000713	丰乐种业	8.39	0.0	0	9.23	7.55	438582129	388538758	1	0.01	19970422	
715	000715	中兴商业	5.91	0.0	0	6.5	5.32	415718940	415057259	1	0.01	19970508	
716	000716	黑芝麻	3.03	0.0	0	3.33	2.73	746395905	664981157	1	0.01	19970418	
717	000717	韶钢松山	4.46	0.0	0	4.91	4.01	2419524410	2419524410	1	0.01	19970508	
718	000718	苏宁环球	3.74	0.0	0	4.11	3.37	3034636384	2289262038	1	0.01	20051226	
719	000719	中原传媒	6.98	0.0	0	7.68	6.28	1023203749	667147543	1	0.01	20111202	
720	000720	新能泰山	5.7	0.0	0	6.27	5.13	1289650962	863460000	1	0.01	19970509	
721	000721	西安饮食	3.95	0.0	0	4.35	3.56	499055920	435840445	1	0.01	19970430	
722	000722	湖南发展	6.63	0.0	0	7.29	5.97	464158282	464158282	1	0.01	20120615	
723	000723	美锦能源	8.92	0.0	0	9.81	8.03	4099263052	3775958971	1	0.01	19970515	
725	000725	京东方Ａ	4.56	0.0	0	5.02	4.1	34798398763	33859749557	1	0.01	20010112	
726	000726	鲁 泰Ａ	8.99	0.0	0	9.89	8.09	858121541	561077152	1	0.01	20001225	
727	000727	华东科技	2.14	0.0	0	2.35	1.93	4529566980	2930655908	1	0.01	19970520	
728	000728	国元证券	8.8	0.0	0	9.68	7.92	3365447047	2946129600	1	0.01	19970616	
729	000729	燕京啤酒	6.25	0.0	0	6.88	5.63	2818539341	2509443521	1	0.01	19970716	
731	000731	四川美丰	5.09	0.0	0	5.6	4.58	591484352	591484352	1	0.01	19970617	
732	000732	泰禾集团	5.94	0.0	0	6.53	5.35	2488901440	2486111896	1	0.01	19970704	
733	000733	振华科技	15.8	0.0	0	17.38	14.22	514805618	469342218	1	0.01	19970703	
735	000735	罗 牛 山	9.81	0.0	0	10.79	8.83	1151513578	1150886809	1	0.01	19970611	
736	000736	中交地产	6.72	0.0	0	7.39	6.05	534948992	534948992	1	0.01	19970425	
737	000737	ST南风	3.1	0.0	0	3.26	2.95	548760000	548760000	1	0.01	19970428	
738	000738	航发控制	12.96	0.0	0	14.26	11.66	1145642349	1145634399	1	0.01	19970626	
739	000739	普洛药业	12.66	0.0	0	13.93	11.39	1178523492	1146824065	1	0.01	19970509	
750	000750	国海证券	5.07	0.0	0	5.58	4.56	4215541972	4215538597	1	0.01	19970709	
751	000751	锌业股份	3.03	0.0	0	3.33	2.73	1409869279	1409866379	1	0.01	19970626	
752	000752	*ST西发	4.86	0.0	0	5.1	4.62	263758491	263758491	1	0.01	19970625	
753	000753	漳州发展	2.89	0.0	0	3.18	2.6	991481071	884146545	1	0.01	19970626	
755	000755	山西路桥	3.83	0.0	0	4.21	3.45	469264621	469264621	1	0.01	19970627	
756	000756	新华制药	6.96	0.0	0	7.66	6.26	621859447	399495076	1	0.01	19970806	
757	000757	浩物股份	4.55	0.0	0	5.01	4.1	605166773	451619600	1	0.01	19970627	
758	000758	中色股份	4.07	0.0	0	4.48	3.66	1969378424	1969189481	1	0.01	19970416	
759	000759	中百集团	7.09	0.0	0	7.8	6.38	681021500	680610192	1	0.01	19970519	
760	000760	*ST斯太	1.62	0.0	0	1.7	1.54	771844628	654444268	1	0.01	19970627	
761	000761	本钢板材	3.91	0.0	0	4.3	3.52	3875371532	3475371532	1	0.01	19980115	
762	000762	西藏矿业	6.84	0.0	0	7.52	6.16	520819240	520795518	1	0.01	19970708	
766	000766	通化金马	6.29	0.0	0	6.92	5.66	966494707	707024245	1	0.01	19970430	
767	000767	漳泽电力	2.41	0.0	0	2.65	2.17	3076942219	2912294234	1	0.01	19970609	
768	000768	中航飞机	15.97	0.0	0	17.57	14.37	2768645071	2768628046	1	0.01	19970626	
776	000776	广发证券	14.27	0.0	0	15.7	12.84	7621087664	5919291464	1	0.01	19970611	
777	000777	中核科技	11.82	0.0	0	13.0	10.64	383417593	383406551	1	0.01	19970710	
778	000778	新兴铸管	4.02	0.0	0	4.42	3.62	3990880176	3921365612	1	0.01	19970606	
779	000779	甘咨询	10.01	0.0	0	11.01	9.01	380330518	175640547	1	0.01	19970528	
780	000780	平庄能源	2.95	0.0	0	3.25	2.66	1014306324	1014306324	1	0.01	19970606	
782	000782	美达股份	3.48	0.0	0	3.83	3.13	528139623	446316970	1	0.01	19970619	
783	000783	长江证券	6.66	0.0	0	7.33	5.99	5529563000	5529487535	1	0.01	19970731	
785	000785	武汉中商	10.49	0.0	0	11.54	9.44	6019830101	147465904	1	0.01	19970711	
786	000786	北新建材	24.24	0.0	0	26.66	21.82	1689507842	1689507842	1	0.01	19970606	
788	000788	北大医药	6.39	0.0	0	7.03	5.75	595987425	595987425	1	0.01	19970616	
789	000789	万年青	11.01	0.0	0	12.11	9.91	797373678	797354771	1	0.01	19970923	
790	000790	泰合健康	4.34	0.0	0	4.77	3.91	616360564	615770240	1	0.01	19980327	
791	000791	甘肃电投	3.61	0.0	0	3.97	3.25	1359576680	1359529430	1	0.01	19971014	
792	000792	*ST盐湖	8.19	0.0	0	8.6	7.78	2786090601	2749899995	1	0.01	19970904	
793	000793	华闻集团	3.06	0.0	0	3.37	2.75	1997245457	1942659530	1	0.01	19970729	
795	000795	英洛华	5.73	0.0	0	6.3	5.16	1133684103	1112978112	1	0.01	19970808	
796	000796	凯撒旅游	8.72	0.0	0	9.59	7.85	803000258	802525358	1	0.01	19970703	
797	000797	中国武夷	3.35	0.0	0	3.69	3.02	1571514753	1562453872	1	0.01	19970715	
798	000798	中水渔业	5.96	0.0	0	6.56	5.36	319455000	319389000	1	0.01	19980212	
799	000799	酒鬼酒	35.24	0.0	0	38.76	31.72	324928980	324928980	1	0.01	19970718	
800	000800	一汽轿车	10.16	0.0	0	11.18	9.14	1627500000	1411754078	1	0.01	19970618	
801	000801	四川九洲	5.4	0.0	0	5.94	4.86	1022806646	1022806646	1	0.01	19980506	
802	000802	北京文化	9.53	0.0	0	10.48	8.58	715900255	711287755	1	0.01	19980108	
803	000803	金宇车城	15.65	0.0	0	17.22	14.09	127730893	127730893	1	0.01	19980303	
806	000806	ST银河	2.28	0.0	0	2.39	2.17	1099911762	698446876	1	0.01	19980416	
807	000807	云铝股份	5.01	0.0	0	5.51	4.51	2606838797	2606691975	1	0.01	19980408	
809	000809	铁岭新城	2.31	0.0	0	2.54	2.08	824791293	824791293	1	0.01	19980616	
810	000810	创维数字	11.34	0.0	0	12.47	10.21	1058278728	981845345	1	0.01	19980602	
811	000811	冰轮环境	6.98	0.0	0	7.68	6.28	725764266	725751605	1	0.01	19980528	
812	000812	陕西金叶	3.21	0.0	0	3.53	2.89	768692614	670303990	1	0.01	19980623	
813	000813	德展健康	6.19	0.0	0	6.81	5.57	2241481800	2013995049	1	0.01	19980519	
815	000815	美利云	6.84	0.0	0	7.52	6.16	695263035	695263035	1	0.01	19980609	
816	000816	ST慧业	1.5	0.0	0	1.58	1.43	1418803318	1336277472	1	0.01	19970818	
818	000818	航锦科技	16.11	0.0	0	17.72	14.5	690000000	676695677	1	0.01	19971017	
819	000819	岳阳兴长	7.78	0.0	0	8.56	7.0	284905005	284886434	1	0.01	19970625	
820	000820	*ST节能	1.76	0.0	0	1.85	1.67	637245222	287656920	1	0.01	19980630	
821	000821	京山轻机	6.35	0.0	0	6.99	5.72	538235280	451915213	1	0.01	19980626	
822	000822	山东海化	4.53	0.0	0	4.98	4.08	895091926	895091926	1	0.01	19980703	
823	000823	超声电子	13.97	0.0	0	15.37	12.57	536966000	536920512	1	0.01	19971008	
825	000825	太钢不锈	3.95	0.0	0	4.35	3.56	5696247796	5696058301	1	0.01	19981021	
826	000826	启迪环境	8.71	0.0	0	9.58	7.84	1430578784	1194772610	1	0.01	19980225	
828	000828	东莞控股	8.0	0.0	0	8.8	7.2	1039516992	1039515642	1	0.01	19970617	
829	000829	天音控股	6.2	0.0	0	6.82	5.58	1037325399	929597944	1	0.01	19971202	
830	000830	鲁西化工	9.86	0.0	0	10.85	8.87	1464860778	1464110715	1	0.01	19980807	
831	000831	五矿稀土	12.05	0.0	0	13.26	10.85	980888981	980888981	1	0.01	19980911	
833	000833	粤桂股份	4.82	0.0	0	5.3	4.34	668401851	378084222	1	0.01	19981111	
835	000835	长城动漫	4.87	0.0	0	5.36	4.38	326760374	302895000	1	0.01	19990625	
836	000836	富通鑫茂	3.68	0.0	0	4.05	3.31	1208455224	1208408049	1	0.01	19970929	
837	000837	秦川机床	4.23	0.0	0	4.65	3.81	693370910	582606476	1	0.01	19980928	
838	000838	财信发展	3.1	0.0	0	3.41	2.79	1100462170	846109019	1	0.01	19970626	
839	000839	中信国安	3.33	0.0	0	3.66	3.0	3919826352	3919007202	1	0.01	19971031	
848	000848	承德露露	7.6	0.0	0	8.36	6.84	978562728	978355383	1	0.01	19971113	
850	000850	华茂股份	3.88	0.0	0	4.27	3.49	943665009	943382489	1	0.01	19981007	
851	000851	高鸿股份	5.68	0.0	0	6.25	5.11	907629867	870690122	1	0.01	19980609	
852	000852	石化机械	6.16	0.0	0	6.78	5.54	777604997	777604997	1	0.01	19981126	
856	000856	冀东装备	10.41	0.0	0	11.45	9.37	227000000	227000000	1	0.01	19980813	
858	000858	五 粮 液	128.14	0.0	0	140.95	115.33	3881608005	3795770918	1	0.01	19980427	
859	000859	国风塑业	5.97	0.0	0	6.57	5.37	739449730	739312480	1	0.01	19981119	
860	000860	顺鑫农业	48.59	0.0	0	53.45	43.73	741766989	741766989	1	0.01	19981104	
861	000861	海印股份	2.55	0.0	0	2.81	2.3	2236285287	2044777224	1	0.01	19981028	
862	000862	银星能源	5.04	0.0	0	5.54	4.54	706118997	501352890	1	0.01	19980915	
863	000863	三湘印象	4.48	0.0	0	4.93	4.03	1371271098	1179742872	1	0.01	20120803	
868	000868	*ST安凯	4.46	0.0	0	4.68	4.24	733329168	695560203	1	0.01	19970725	
869	000869	张 裕Ａ	27.92	0.0	0	30.71	25.13	685464000	453460800	1	0.01	20001026	
875	000875	吉电股份	3.09	0.0	0	3.4	2.78	2146313980	1954307631	1	0.01	20020926	
876	000876	新 希 望	18.88	0.0	0	20.77	16.99	4216015009	4199538589	1	0.01	19980311	
877	000877	天山股份	10.87	0.0	0	11.96	9.78	1048722959	880094899	1	0.01	19990107	
878	000878	云南铜业	11.73	0.0	0	12.9	10.56	1699678560	1416391956	1	0.01	19980602	
880	000880	潍柴重机	7.6	0.0	0	8.36	6.84	276100500	135135000	1	0.01	19980402	
881	000881	中广核技	6.76	0.0	0	7.44	6.08	945425815	308054400	1	0.01	19980902	
882	000882	华联股份	2.19	0.0	0	2.41	1.97	2737351947	2482155138	1	0.01	19980616	
883	000883	湖北能源	4.11	0.0	0	4.52	3.7	6507449486	6504493911	1	0.01	19980519	
885	000885	城发环境	10.41	0.0	0	11.45	9.37	496381983	496381983	1	0.01	19990319	
886	000886	海南高速	3.83	0.0	0	4.21	3.45	988828300	968477948	1	0.01	19980123	
887	000887	中鼎股份	8.48	0.0	0	9.33	7.63	1220820347	1218100424	1	0.01	19981203	
888	000888	峨眉山Ａ	6.35	0.0	0	6.99	5.72	526913102	526913102	1	0.01	19971021	
889	000889	中嘉博创	9.44	0.0	0	10.38	8.5	669101883	621643712	1	0.01	19971218	
890	000890	法 尔 胜	5.44	0.0	0	5.98	4.9	379641600	379624602	1	0.01	19990119	
892	000892	欢瑞世纪	5.4	0.0	0	5.94	4.86	980980473	538176216	1	0.01	19990115	
893	000893	东凌国际	6.14	0.0	0	6.75	5.53	756903272	400854450	1	0.01	19981224	
895	000895	双汇发展	29.08	0.0	0	31.99	26.17	3319282190	882554826	1	0.01	19981210	
897	000897	*ST津滨	2.11	0.0	0	2.22	2.0	1617272234	1617244634	1	0.01	19990422	
898	000898	鞍钢股份	3.12	0.0	0	3.43	2.81	9405250201	7993692993	1	0.01	19971225	
899	000899	赣能股份	4.74	0.0	0	5.21	4.27	975677760	975674006	1	0.01	19971126	
900	000900	现代投资	4.22	0.0	0	4.64	3.8	1517828334	1517099610	1	0.01	19990128	
901	000901	航天科技	11.05	0.0	0	12.16	9.95	614190718	567006340	1	0.01	19990401	
902	000902	新洋丰	7.91	0.0	0	8.7	7.12	1304529290	1173495004	1	0.01	19990408	
903	000903	云内动力	2.51	0.0	0	2.76	2.26	1970800857	1767232428	1	0.01	19990415	
905	000905	厦门港务	7.1	0.0	0	7.81	6.39	531000000	531000000	1	0.01	19990429	
906	000906	浙商中拓	5.74	0.0	0	6.31	5.17	674657975	654865632	1	0.01	19990707	
908	000908	景峰医药	3.66	0.0	0	4.03	3.29	879774351	708262389	1	0.01	19990203	
909	000909	数源科技	7.74	0.0	0	8.51	6.97	312352464	311002026	1	0.01	19990507	
910	000910	大亚圣象	13.49	0.0	0	14.84	12.14	553669500	540840425	1	0.01	19990630	
911	000911	*ST 南糖	5.85	0.0	0	6.14	5.56	324080937	324080937	1	0.01	19990527	
912	000912	泸天化	4.67	0.0	0	5.14	4.2	1568000000	1568000000	1	0.01	19990603	
913	000913	钱江摩托	11.04	0.0	0	12.14	9.94	453536000	453536000	1	0.01	19990514	
915	000915	山大华特	24.69	0.0	0	27.16	22.22	234331485	233432457	1	0.01	19990609	
917	000917	电广传媒	6.41	0.0	0	7.05	5.77	1417556338	1294639951	1	0.01	19990325	
918	000918	嘉凯城	6.21	0.0	0	6.83	5.59	1804191500	1804191500	1	0.01	19990720	
919	000919	金陵药业	7.07	0.0	0	7.78	6.36	504000000	502789277	1	0.01	19991118	
920	000920	南方汇通	6.55	0.0	0	7.21	5.9	422000000	421811575	1	0.01	19990616	
921	000921	海信家电	11.35	0.0	0	12.49	10.22	1362725370	902124952	1	0.01	19990713	
922	000922	佳电股份	7.48	0.0	0	8.23	6.73	489893378	485302919	1	0.01	19990618	
923	000923	河北宣工	14.37	0.0	0	15.81	12.93	652728961	198000000	1	0.01	19990714	
925	000925	众合科技	6.72	0.0	0	7.39	6.05	549564903	453227361	1	0.01	19990611	
926	000926	福星股份	6.36	0.0	0	7.0	5.72	962462474	946496227	1	0.01	19990618	
927	000927	一汽夏利	3.98	0.0	0	4.38	3.58	1595174020	1595170960	1	0.01	19990727	
928	000928	中钢国际	4.67	0.0	0	5.14	4.2	1256662942	806384679	1	0.01	19990312	
929	000929	兰州黄河	6.75	0.0	0	7.43	6.08	185766000	185754223	1	0.01	19990623	
930	000930	中粮科技	6.42	0.0	0	7.06	5.78	1847644377	812411115	1	0.01	19990712	
931	000931	中 关 村	8.85	0.0	0	9.74	7.97	753126982	702090549	1	0.01	19990712	
932	000932	华菱钢铁	4.58	0.0	0	5.04	4.12	4221910035	4221497778	1	0.01	19990803	
933	000933	神火股份	5.07	0.0	0	5.58	4.56	1900500000	1900468250	1	0.01	19990831	
935	000935	四川双马	15.11	0.0	0	16.62	13.6	763440333	763438646	1	0.01	19990824	
936	000936	华西股份	6.93	0.0	0	7.62	6.24	886012887	885337139	1	0.01	19990810	
937	000937	冀中能源	3.49	0.0	0	3.84	3.14	3533546850	2906599842	1	0.01	19990909	
938	000938	紫光股份	29.85	0.0	0	32.84	26.87	2042914196	2042914196	1	0.01	19991104	
948	000948	南天信息	10.35	0.0	0	11.39	9.32	320587859	320451898	1	0.01	19991014	
949	000949	新乡化纤	4.14	0.0	0	4.55	3.73	1257656049	1257115303	1	0.01	19991021	
950	000950	重药控股	5.63	0.0	0	6.19	5.07	1728184696	868132776	1	0.01	19990916	
951	000951	中国重汽	21.65	0.0	0	23.82	19.49	671080800	670902360	1	0.01	19991125	
952	000952	广济药业	9.29	0.0	0	10.22	8.36	251705513	251695243	1	0.01	19991112	
953	000953	*ST河化	3.99	0.0	0	4.19	3.79	294059437	294059437	1	0.01	19991202	
955	000955	欣龙控股	4.62	0.0	0	5.08	4.16	538395000	537598350	1	0.01	19991209	
957	000957	中通客车	6.43	0.0	0	7.07	5.79	592903936	592892704	1	0.01	20000113	
958	000958	东方能源	5.44	0.0	0	5.98	4.9	1102273226	1099273226	1	0.01	19991223	
959	000959	首钢股份	3.44	0.0	0	3.78	3.1	5289389600	5057099619	1	0.01	19991216	
960	000960	锡业股份	10.01	0.0	0	11.01	9.01	1668776379	1668768729	1	0.01	20000221	
961	000961	中南建设	9.56	0.0	0	10.52	8.6	3709788797	3699833250	1	0.01	20000301	
962	000962	东方钽业	6.53	0.0	0	7.18	5.88	440832644	440831060	1	0.01	20000120	
963	000963	华东医药	23.76	0.0	0	26.14	21.38	1749809548	1749784303	1	0.01	20000127	
965	000965	天保基建	3.14	0.0	0	3.45	2.83	1109830895	1109830895	1	0.01	20000406	
966	000966	长源电力	4.69	0.0	0	5.16	4.22	1108284080	1108284080	1	0.01	20000316	
967	000967	盈峰环境	6.34	0.0	0	6.97	5.71	3163062146	1145916161	1	0.01	20000330	
968	000968	蓝焰控股	10.2	0.0	0	11.22	9.18	967502660	513514730	1	0.01	20000622	
969	000969	安泰科技	6.36	0.0	0	7.0	5.72	1026008097	1000760192	1	0.01	20000529	
970	000970	中科三环	9.88	0.0	0	10.87	8.89	1065200000	1065200000	1	0.01	20000420	
971	000971	*ST高升	2.42	0.0	0	2.54	2.3	1059269925	591490047	1	0.01	20000427	
972	000972	ST中基	3.8	0.0	0	3.99	3.61	771283579	771283579	1	0.01	20000926	
973	000973	佛塑科技	4.48	0.0	0	4.93	4.03	967423171	967399968	1	0.01	20000525	
975	000975	银泰黄金	12.78	0.0	0	14.06	11.5	1983373047	1237422864	1	0.01	20000608	
976	000976	华铁股份	5.07	0.0	0	5.58	4.56	1595678796	1594435724	1	0.01	20000601	
977	000977	浪潮信息	29.3	0.0	0	32.23	26.37	1289252171	1289252171	1	0.01	20000608	
978	000978	桂林旅游	5.17	0.0	0	5.69	4.65	360100000	360053425	1	0.01	20000518	
980	000980	众泰汽车	2.96	0.0	0	3.26	2.66	2027671288	1245944713	1	0.01	20000616	
981	000981	ST银亿	1.68	0.0	0	1.76	1.6	4027989882	2574315600	1	0.01	20110826	
982	000982	*ST 中绒	2.26	0.0	0	2.37	2.15	4261877053	4261877053	1	0.01	20000706	
983	000983	西山煤电	5.75	0.0	0	6.33	5.18	3151200000	3151197660	1	0.01	20000726	
985	000985	大庆华科	15.2	0.0	0	16.72	13.68	129639500	129639500	1	0.01	20000726	
987	000987	越秀金控	9.21	0.0	0	10.13	8.29	2752884754	2667070270	1	0.01	20000718	
988	000988	华工科技	19.71	0.0	0	21.68	17.74	1005502707	1005176982	1	0.01	20000608	
989	000989	九 芝 堂	7.99	0.0	0	8.79	7.19	869354236	588888095	1	0.01	20000628	
990	000990	诚志股份	14.08	0.0	0	15.49	12.67	1253011919	387682744	1	0.01	20000706	
993	000993	闽东电力	7.03	0.0	0	7.73	6.33	457951455	373000000	1	0.01	20000731	
996	000996	中国中期	10.3	0.0	0	11.33	9.27	345000000	345000000	1	0.01	20000718	
997	000997	新 大 陆	15.42	0.0	0	16.96	13.88	1043919717	1006530356	1	0.01	20000807	
998	000998	隆平高科	12.76	0.0	0	14.04	11.48	1316970298	965205889	1	0.01	20001211	
999	000999	华润三九	30.07	0.0	0	33.08	27.06	978900000	978395308	1	0.01	20000309	
1696	001696	宗申动力	5.52	0.0	0	6.07	4.97	1145026920	891179600	1	0.01	19970306	
1872	001872	招商港口	16.72	0.0	0	18.39	15.05	1922365124	464858324	1	0.01	19930504	
1896	001896	豫能控股	3.49	0.0	0	3.84	3.14	1150587847	929519373	1	0.01	19980122	
1914	001914	招商积余	18.9	0.0	0	20.79	17.01	1060346060	666791416	1	0.01	19940928	
1965	001965	招商公路	8.68	0.0	0	9.55	7.81	6178212553	554833920	1	0.01	20171225	
1979	001979	招商蛇口	19.82	0.0	0	21.8	17.84	7913827237	7913399378	1	0.01	20151230	
2001	002001	新 和 成	22.01	0.0	0	24.21	19.81	2148662300	2121481362	1	0.01	20040625	
2002	002002	鸿达兴业	4.06	0.0	0	4.47	3.65	2588713789	2549857401	1	0.01	20040625	
2003	002003	伟星股份	6.03	0.0	0	6.63	5.43	758020428	648786443	1	0.01	20040625	
2004	002004	华邦健康	4.79	0.0	0	5.27	4.31	1979919191	1808805429	1	0.01	20040625	
2005	002005	*ST德豪	1.94	0.0	0	2.04	1.84	1764720000	1691897655	1	0.01	20040625	
2006	002006	精功科技	4.39	0.0	0	4.83	3.95	455160000	455160000	1	0.01	20040625	
2007	002007	华兰生物	33.21	0.0	0	36.53	29.89	1403059020	1203611055	1	0.01	20040625	
2008	002008	大族激光	38.32	0.0	0	42.15	34.49	1067069227	993396093	1	0.01	20040625	
2009	002009	天奇股份	7.32	0.0	0	8.05	6.59	370549434	311679022	1	0.01	20040629	
2010	002010	传化智联	6.67	0.0	0	7.34	6.0	3257814678	3182651867	1	0.01	20040629	
2011	002011	盾安环境	5.09	0.0	0	5.6	4.58	917212180	913601102	1	0.01	20040705	
2012	002012	凯恩股份	5.33	0.0	0	5.86	4.8	467625470	465738541	1	0.01	20040705	
2013	002013	中航机电	6.75	0.0	0	7.43	6.08	3608664326	3608426035	1	0.01	20040705	
2014	002014	永新股份	9.03	0.0	0	9.93	8.13	503616724	501163694	1	0.01	20040708	
2015	002015	协鑫能科	5.24	0.0	0	5.76	4.72	1352461312	400703825	1	0.01	20040708	
2016	002016	世荣兆业	8.47	0.0	0	9.32	7.62	809095632	686845632	1	0.01	20040708	
2017	002017	东信和平	15.43	0.0	0	16.97	13.89	446486084	444944856	1	0.01	20040713	
2019	002019	亿帆医药	15.3	0.0	0	16.83	13.77	1230904577	810077347	1	0.01	20040713	
2020	002020	京新药业	10.11	0.0	0	11.12	9.1	724872000	586997238	1	0.01	20040715	
2021	002021	*ST中捷	2.68	0.0	0	2.81	2.55	687815040	687372540	1	0.01	20040715	
2022	002022	科华生物	11.11	0.0	0	12.22	10.0	514526593	512999993	1	0.01	20040721	
2023	002023	海特高新	11.12	0.0	0	12.23	10.01	756791003	659280517	1	0.01	20040721	
2024	002024	苏宁易购	9.98	0.0	0	10.98	8.98	9310039655	7775189273	1	0.01	20040721	
2025	002025	航天电器	26.49	0.0	0	29.14	23.84	429000000	428898773	1	0.01	20040726	
2026	002026	山东威达	4.96	0.0	0	5.46	4.46	420098419	404841322	1	0.01	20040727	
2027	002027	分众传媒	6.08	0.0	0	6.69	5.47	14677880280	14625317895	1	0.01	20040804	
2028	002028	思源电气	13.68	0.0	0	15.05	12.31	760209282	587233961	1	0.01	20040805	
2029	002029	七 匹 狼	5.67	0.0	0	6.24	5.1	755670000	744272168	1	0.01	20040806	
2030	002030	达安基因	10.52	0.0	0	11.57	9.47	797412519	760112495	1	0.01	20040809	
2031	002031	巨轮智能	1.94	0.0	0	2.13	1.75	2199395670	1893048638	1	0.01	20040816	
2032	002032	苏 泊 尔	73.4	0.0	0	80.74	66.06	821119910	610804243	1	0.01	20040817	
2033	002033	丽江旅游	6.01	0.0	0	6.61	5.41	549490711	549480181	1	0.01	20040825	
2034	002034	旺能环境	14.49	0.0	0	15.94	13.04	416565045	268780508	1	0.01	20040826	
2035	002035	华帝股份	12.12	0.0	0	13.33	10.91	872643124	784048112	1	0.01	20040901	
2036	002036	联创电子	17.32	0.0	0	19.05	15.59	715291441	710589052	1	0.01	20040903	
2037	002037	久联发展	6.8	0.0	0	7.48	6.12	487625309	327368160	1	0.01	20040908	
2038	002038	双鹭药业	12.48	0.0	0	13.73	11.23	1027350000	851751181	1	0.01	20040909	
2039	002039	黔源电力	14.85	0.0	0	16.34	13.37	305398662	305391913	1	0.01	20050303	
2040	002040	南 京 港	6.94	0.0	0	7.63	6.25	483966800	398773370	1	0.01	20050325	
2041	002041	登海种业	8.35	0.0	0	9.19	7.52	880000000	871815591	1	0.01	20050418	
2042	002042	华孚时尚	7.12	0.0	0	7.83	6.41	1519375555	1518145368	1	0.01	20050427	
2043	002043	兔 宝 宝	7.49	0.0	0	8.24	6.74	774756002	742518584	1	0.01	20050510	
2044	002044	美年健康	15.17	0.0	0	16.69	13.65	3919920974	3391307051	1	0.01	20050518	
2045	002045	国光电器	12.83	0.0	0	14.11	11.55	468383913	467057688	1	0.01	20050523	
2046	002046	轴研科技	6.78	0.0	0	7.46	6.1	524349078	408699325	1	0.01	20050526	
2047	002047	宝鹰股份	5.83	0.0	0	6.41	5.25	1341296921	1263063110	1	0.01	20050531	
2048	002048	宁波华翔	15.38	0.0	0	16.92	13.84	626227314	544966742	1	0.01	20050603	
2049	002049	紫光国微	49.79	0.0	0	54.77	44.81	606817968	606232395	1	0.01	20050606	
2050	002050	三花智控	16.4	0.0	0	18.04	14.76	2765657898	2418681113	1	0.01	20050607	
2051	002051	中工国际	9.3	0.0	0	10.23	8.37	1237408937	1111141542	1	0.01	20060619	
2052	002052	同洲电子	3.28	0.0	0	3.61	2.95	745959694	745953215	1	0.01	20060627	
2053	002053	云南能投	7.02	0.0	0	7.72	6.32	760978566	371702206	1	0.01	20060627	
2054	002054	德美化工	7.31	0.0	0	8.04	6.58	419230828	312619636	1	0.01	20060725	
2055	002055	得润电子	10.23	0.0	0	11.25	9.21	479694096	429497088	1	0.01	20060725	
2056	002056	横店东磁	7.41	0.0	0	8.15	6.67	1643600000	1562649275	1	0.01	20060802	
2057	002057	中钢天源	8.36	0.0	0	9.2	7.52	575287776	479464106	1	0.01	20060802	
2058	002058	威 尔 泰	22.2	0.0	0	24.42	19.98	143448332	143200281	1	0.01	20060802	
2059	002059	云南旅游	4.81	0.0	0	5.29	4.33	1012434813	730792576	1	0.01	20060810	
2060	002060	粤 水 电	2.98	0.0	0	3.28	2.68	1202262058	1201721856	1	0.01	20060810	
2061	002061	浙江交科	5.61	0.0	0	6.17	5.05	1375638998	770706585	1	0.01	20060816	
2062	002062	宏润建设	3.42	0.0	0	3.76	3.08	1102500000	959590528	1	0.01	20060816	
2063	002063	远光软件	11.26	0.0	0	12.39	10.13	848458718	767108212	1	0.01	20060823	
2064	002064	华峰氨纶	5.85	0.0	0	6.44	5.27	4298159221	1556101000	1	0.01	20060823	
2065	002065	东华软件	10.17	0.0	0	11.19	9.15	3115482375	2807535989	1	0.01	20060823	
2066	002066	瑞泰科技	7.34	0.0	0	8.07	6.61	231000000	231000000	1	0.01	20060823	
2067	002067	景兴纸业	3.19	0.0	0	3.51	2.87	1111201000	973576000	1	0.01	20060915	
2068	002068	黑猫股份	4.84	0.0	0	5.32	4.36	727063596	606993221	1	0.01	20060915	
2069	002069	獐子岛	2.62	0.0	0	2.88	2.36	711112194	688740444	1	0.01	20060928	
2071	002071	长城影视	3.64	0.0	0	4.0	3.28	525429878	521660350	1	0.01	20061012	
2072	002072	*ST凯瑞	5.77	0.0	0	6.06	5.48	176000000	166148433	1	0.01	20061018	
2073	002073	软控股份	4.7	0.0	0	5.17	4.23	933986674	824863860	1	0.01	20061018	
2074	002074	国轩高科	13.39	0.0	0	14.73	12.05	1136650819	1011697085	1	0.01	20061018	
2075	002075	沙钢股份	6.08	0.0	0	6.69	5.47	2206771772	2206770722	1	0.01	20061025	
2076	002076	雪 莱 特	2.34	0.0	0	2.57	2.11	777902546	467598051	1	0.01	20061025	
2077	002077	大港股份	5.86	0.0	0	6.45	5.27	580348513	540602575	1	0.01	20061116	
2078	002078	太阳纸业	8.94	0.0	0	9.83	8.05	2591769487	2571971737	1	0.01	20061116	
2079	002079	苏州固锝	11.02	0.0	0	12.12	9.92	727971487	726134008	1	0.01	20061116	
2080	002080	中材科技	10.18	0.0	0	11.2	9.16	1678123584	1678123584	1	0.01	20061120	
2081	002081	金 螳 螂	8.32	0.0	0	9.15	7.49	2676408689	2582314967	1	0.01	20061120	
2082	002082	万邦德	10.2	0.0	0	11.22	9.18	238000000	238000000	1	0.01	20061120	
2083	002083	孚日股份	5.98	0.0	0	6.58	5.38	908000005	876673945	1	0.01	20061124	
2084	002084	海鸥住工	6.78	0.0	0	7.46	6.1	506392628	490610934	1	0.01	20061124	
2085	002085	万丰奥威	7.05	0.0	0	7.76	6.35	2186879678	2113735508	1	0.01	20061128	
2086	002086	ST东海洋	3.78	0.0	0	3.97	3.59	756350000	544267200	1	0.01	20061128	
2087	002087	新野纺织	3.46	0.0	0	3.81	3.11	816794335	815637690	1	0.01	20061130	
2088	002088	鲁阳节能	10.35	0.0	0	11.39	9.32	361702033	313597708	1	0.01	20061130	
2089	002089	*ST新海	1.9	0.0	0	2.0	1.81	1374669616	924523786	1	0.01	20061130	
2090	002090	金智科技	10.4	0.0	0	11.44	9.36	404264936	388750184	1	0.01	20061208	
2091	002091	江苏国泰	6.28	0.0	0	6.91	5.65	1563536598	972402326	1	0.01	20061208	
2092	002092	中泰化学	6.46	0.0	0	7.11	5.81	2146449598	2146346698	1	0.01	20061208	
2093	002093	国脉科技	7.9	0.0	0	8.69	7.11	1007500000	985369318	1	0.01	20061215	
2094	002094	青岛金王	4.57	0.0	0	5.03	4.11	690897549	639710801	1	0.01	20061215	
2095	002095	生 意 宝	21.93	0.0	0	24.12	19.74	252720000	251638091	1	0.01	20061215	
2096	002096	南岭民爆	6.42	0.0	0	7.06	5.78	371287000	370852000	1	0.01	20061222	
2097	002097	山河智能	5.65	0.0	0	6.22	5.09	1088108465	858582618	1	0.01	20061222	
2098	002098	浔兴股份	6.1	0.0	0	6.71	5.49	358000000	358000000	1	0.01	20061222	
2099	002099	海翔药业	6.79	0.0	0	7.47	6.11	1618715253	1604440653	1	0.01	20061226	
2100	002100	天康生物	11.74	0.0	0	12.91	10.57	1063994467	1063994467	1	0.01	20061226	
2101	002101	广东鸿图	6.97	0.0	0	7.67	6.27	532363366	425575704	1	0.01	20061229	
2102	002102	ST冠福	2.19	0.0	0	2.3	2.08	2633836290	1917604018	1	0.01	20061229	
2103	002103	广博股份	4.3	0.0	0	4.73	3.87	545623431	385792327	1	0.01	20070110	
2104	002104	恒宝股份	7.16	0.0	0	7.88	6.44	696921354	587997929	1	0.01	20070110	
2105	002105	信隆健康	5.05	0.0	0	5.56	4.55	368500000	368500000	1	0.01	20070112	
2106	002106	莱宝高科	9.51	0.0	0	10.46	8.56	705816160	703866327	1	0.01	20070112	
2107	002107	沃华医药	7.74	0.0	0	8.51	6.97	360756000	349210190	1	0.01	20070124	
2108	002108	沧州明珠	3.56	0.0	0	3.92	3.2	1417924199	1417924199	1	0.01	20070124	
2109	002109	兴化股份	3.3	0.0	0	3.63	2.97	1052944789	1052944789	1	0.01	20070126	
2110	002110	三钢闽光	8.81	0.0	0	9.69	7.93	2451576238	2203583557	1	0.01	20070126	
2111	002111	威海广泰	15.32	0.0	0	16.85	13.79	381827504	340285644	1	0.01	20070126	
2112	002112	三变科技	6.76	0.0	0	7.44	6.08	201600000	198802893	1	0.01	20070208	
2113	002113	ST天润	1.81	0.0	0	1.9	1.72	1532692930	923768019	1	0.01	20070208	
2114	002114	罗平锌电	7.13	0.0	0	7.84	6.42	323395267	323373742	1	0.01	20070215	
2115	002115	三维通信	8.89	0.0	0	9.78	8.0	719190079	531776329	1	0.01	20070215	
2116	002116	中国海诚	7.68	0.0	0	8.45	6.91	417628938	415594834	1	0.01	20070215	
2117	002117	东港股份	11.95	0.0	0	13.15	10.76	545666421	545491147	1	0.01	20070302	
2118	002118	紫鑫药业	5.96	0.0	0	6.56	5.36	1280759826	1280421780	1	0.01	20070302	
2119	002119	康强电子	11.89	0.0	0	13.08	10.7	375284000	367503500	1	0.01	20070302	
2120	002120	韵达股份	30.92	0.0	0	34.01	27.83	2226286468	2149904680	1	0.01	20070306	
2121	002121	科陆电子	4.43	0.0	0	4.87	3.99	1408349147	928554719	1	0.01	20070306	
2122	002122	*ST天马	1.91	0.0	0	2.01	1.81	1188000000	1187999775	1	0.01	20070328	
2123	002123	梦网集团	18.96	0.0	0	20.86	17.06	804100735	662366720	1	0.01	20070328	
2124	002124	天邦股份	12.17	0.0	0	13.39	10.95	1159628098	941049998	1	0.01	20070403	
2125	002125	湘潭电化	4.88	0.0	0	5.37	4.39	552959976	552959976	1	0.01	20070403	
2126	002126	银轮股份	7.46	0.0	0	8.21	6.71	792095104	757654633	1	0.01	20070418	
2127	002127	南极电商	10.92	0.0	0	12.01	9.83	2454870403	1896227927	1	0.01	20070418	
2128	002128	露天煤业	8.24	0.0	0	9.06	7.42	1921573493	1634378473	1	0.01	20070418	
2129	002129	中环股份	10.63	0.0	0	11.69	9.57	2785156473	2683260854	1	0.01	20070420	
2130	002130	沃尔核材	4.66	0.0	0	5.13	4.19	1258983062	994047130	1	0.01	20070420	
2131	002131	利欧股份	2.54	0.0	0	2.79	2.29	6651140391	5377074322	1	0.01	20070427	
2132	002132	恒星科技	2.95	0.0	0	3.25	2.66	1256498403	1252476439	1	0.01	20070427	
2133	002133	广宇集团	3.22	0.0	0	3.54	2.9	774144175	635113201	1	0.01	20070427	
2134	002134	天津普林	9.33	0.0	0	10.26	8.4	245849768	245849768	1	0.01	20070516	
2135	002135	东南网架	5.36	0.0	0	5.9	4.82	1034402200	958510982	1	0.01	20070530	
2136	002136	安 纳 达	7.35	0.0	0	8.09	6.62	215020000	214009360	1	0.01	20070530	
2137	002137	麦达数字	7.01	0.0	0	7.71	6.31	577504854	364844109	1	0.01	20070613	
2138	002138	顺络电子	24.1	0.0	0	26.51	21.69	806318354	699064330	1	0.01	20070613	
2139	002139	拓邦股份	5.34	0.0	0	5.87	4.81	1018761650	798299125	1	0.01	20070629	
2140	002140	东华科技	6.78	0.0	0	7.46	6.1	535241440	527121879	1	0.01	20070712	
2141	002141	贤丰控股	3.62	0.0	0	3.98	3.26	1134656519	636608000	1	0.01	20070720	
2142	002142	宁波银行	27.74	0.0	0	30.51	24.97	5628329528	5621572789	1	0.01	20070719	
2144	002144	宏达高科	9.68	0.0	0	10.65	8.71	176762528	139703770	1	0.01	20070803	
2145	002145	中核钛白	4.31	0.0	0	4.74	3.88	1591245576	1591144326	1	0.01	20070803	
2146	002146	荣盛发展	9.34	0.0	0	10.27	8.41	4348163851	3893567908	1	0.01	20070808	
2147	002147	ST新光	2.2	0.0	0	2.31	2.09	1828076415	536987008	1	0.01	20070808	
2148	002148	北纬科技	5.17	0.0	0	5.69	4.65	565773727	443611676	1	0.01	20070810	
2149	002149	西部材料	7.41	0.0	0	8.15	6.67	425414274	425339274	1	0.01	20070810	
2150	002150	通润装备	6.8	0.0	0	7.48	6.12	356517053	355087703	1	0.01	20070810	
2151	002151	北斗星通	23.53	0.0	0	25.88	21.18	489925027	361473456	1	0.01	20070813	
2152	002152	广电运通	8.34	0.0	0	9.17	7.51	2408993951	2393360487	1	0.01	20070813	
2153	002153	石基信息	36.4	0.0	0	40.04	32.76	1067913281	485587571	1	0.01	20070813	
2154	002154	报 喜 鸟	3.09	0.0	0	3.4	2.78	1217611874	1107418877	1	0.01	20070816	
2155	002155	湖南黄金	7.54	0.0	0	8.29	6.79	1202039474	1201927655	1	0.01	20070816	
2156	002156	通富微电	15.58	0.0	0	17.14	14.02	1153704572	1153504307	1	0.01	20070816	
2157	002157	正邦科技	15.48	0.0	0	17.03	13.93	2445017686	2207355421	1	0.01	20070817	
2158	002158	汉钟精机	8.49	0.0	0	9.34	7.64	535028782	529890144	1	0.01	20070817	
2159	002159	三特索道	12.02	0.0	0	13.22	10.82	138666666	138549311	1	0.01	20070817	
2160	002160	常铝股份	2.89	0.0	0	3.18	2.6	795581976	682423106	1	0.01	20070821	
2161	002161	远 望 谷	9.58	0.0	0	10.54	8.62	739757400	698585463	1	0.01	20070821	
2162	002162	悦心健康	3.44	0.0	0	3.78	3.1	853775000	852942372	1	0.01	20070823	
2163	002163	中航三鑫	4.64	0.0	0	5.1	4.18	803550000	803450108	1	0.01	20070823	
2164	002164	宁波东力	3.71	0.0	0	4.08	3.34	699347282	436125157	1	0.01	20070823	
2165	002165	红 宝 丽	4.21	0.0	0	4.63	3.79	602058110	592964269	1	0.01	20070913	
2166	002166	莱茵生物	7.2	0.0	0	7.92	6.48	565214740	443584584	1	0.01	20070913	
2167	002167	东方锆业	6.51	0.0	0	7.16	5.86	620946000	618601500	1	0.01	20070913	
2168	002168	惠程科技	8.04	0.0	0	8.84	7.24	801929568	794579643	1	0.01	20070919	
2169	002169	智光电气	6.61	0.0	0	7.27	5.95	787791994	760171970	1	0.01	20070919	
2170	002170	芭田股份	3.17	0.0	0	3.49	2.85	886862627	693220702	1	0.01	20070919	
2171	002171	楚江新材	6.77	0.0	0	7.45	6.09	1333667825	1055033559	1	0.01	20070921	
2172	002172	澳洋健康	3.76	0.0	0	4.14	3.38	776481362	773118646	1	0.01	20070921	
2173	002173	创新医疗	5.97	0.0	0	6.57	5.37	454856365	370907568	1	0.01	20070925	
2174	002174	游族网络	22.0	0.0	0	24.2	19.8	888467873	644886620	1	0.01	20070925	
2175	002175	*ST东网	1.82	0.0	0	1.91	1.73	753778212	753748767	1	0.01	20071012	
2176	002176	江特电机	3.43	0.0	0	3.77	3.09	1706325581	1705449384	1	0.01	20071012	
2177	002177	御银股份	5.34	0.0	0	5.87	4.81	761191294	761191294	1	0.01	20071101	
2178	002178	延华智能	3.98	0.0	0	4.38	3.58	712153001	711256616	1	0.01	20071101	
2179	002179	中航光电	38.56	0.0	0	42.42	34.7	1048582961	1040745360	1	0.01	20071101	
2180	002180	纳思达	32.58	0.0	0	35.84	29.32	1063413323	1002290080	1	0.01	20071113	
2181	002181	粤 传 媒	5.09	0.0	0	5.6	4.58	1161058174	1134432577	1	0.01	20071116	
2182	002182	云海金属	9.05	0.0	0	9.96	8.15	646422538	489317520	1	0.01	20071113	
2183	002183	怡 亚 通	4.11	0.0	0	4.52	3.7	2122697819	2120369182	1	0.01	20071113	
2184	002184	海得控制	10.56	0.0	0	11.62	9.5	240254489	156952154	1	0.01	20071116	
2185	002185	华天科技	6.42	0.0	0	7.06	5.78	2740003774	2740003774	1	0.01	20071120	
2186	002186	全 聚 德	10.14	0.0	0	11.15	9.13	308463955	305757607	1	0.01	20071120	
2187	002187	广百股份	8.25	0.0	0	9.08	7.43	342422568	342422568	1	0.01	20071122	
2188	002188	*ST巴士	3.37	0.0	0	3.54	3.2	295627524	241381840	1	0.01	20071122	
2189	002189	中光学	20.34	0.0	0	22.37	18.31	262568166	199240000	1	0.01	20071203	
2190	002190	*ST集成	20.68	0.0	0	21.71	19.65	358729343	345188382	1	0.01	20071203	
2191	002191	劲嘉股份	11.42	0.0	0	12.56	10.28	1464870450	1272285656	1	0.01	20071205	
2192	002192	融捷股份	17.94	0.0	0	19.73	16.15	259655203	236456769	1	0.01	20071205	
2193	002193	如意集团	7.64	0.0	0	8.4	6.88	261715550	260930633	1	0.01	20071207	
2194	002194	武汉凡谷	18.63	0.0	0	20.49	16.77	564669722	371688939	1	0.01	20071207	
2195	002195	二三四五	3.12	0.0	0	3.43	2.81	5770427743	5652419819	1	0.01	20071212	
2196	002196	方正电机	5.27	0.0	0	5.8	4.74	468694930	370132742	1	0.01	20071212	
2197	002197	证通电子	7.64	0.0	0	8.4	6.88	515156948	434561814	1	0.01	20071218	
2198	002198	嘉应制药	5.26	0.0	0	5.79	4.73	507509848	507509848	1	0.01	20071218	
2199	002199	东晶电子	9.02	0.0	0	9.92	8.12	243442363	243442363	1	0.01	20071221	
2200	002200	*ST云投	7.06	0.0	0	7.41	6.71	184132890	131618104	1	0.01	20071221	
2201	002201	九鼎新材	22.13	0.0	0	24.34	19.92	332467470	331635324	1	0.01	20071226	
2202	002202	金风科技	11.69	0.0	0	12.86	10.52	4225067647	3386946950	1	0.01	20071226	
2203	002203	海亮股份	9.87	0.0	0	10.86	8.88	1952107432	1825556187	1	0.01	20080116	
2204	002204	大连重工	3.15	0.0	0	3.47	2.84	1931370032	1931370032	1	0.01	20080116	
2205	002205	国统股份	14.9	0.0	0	16.39	13.41	116152018	116152018	1	0.01	20080123	
2206	002206	海 利 得	3.64	0.0	0	4.0	3.28	1223028645	964837747	1	0.01	20080123	
2207	002207	ST准油	5.78	0.0	0	6.07	5.49	239177378	237387884	1	0.01	20080128	
2208	002208	合肥城建	6.46	0.0	0	7.11	5.81	512160000	510848511	1	0.01	20080128	
2209	002209	达 意 隆	6.84	0.0	0	7.52	6.16	195244050	154524582	1	0.01	20080130	
2210	002210	*ST飞马	1.37	0.0	0	1.44	1.3	1652880386	1324957931	1	0.01	20080130	
2211	002211	宏达新材	6.48	0.0	0	7.13	5.83	432475779	310188279	1	0.01	20080201	
2212	002212	南洋股份	19.43	0.0	0	21.37	17.49	1158483285	896421771	1	0.01	20080201	
2213	002213	特 尔 佳	11.22	0.0	0	12.34	10.1	206000000	206000000	1	0.01	20080201	
2214	002214	大立科技	10.25	0.0	0	11.28	9.23	458666666	357321401	1	0.01	20080218	
2215	002215	诺 普 信	6.41	0.0	0	7.05	5.77	914076384	718157148	1	0.01	20080218	
2216	002216	三全食品	14.53	0.0	0	15.98	13.08	799258226	564923692	1	0.01	20080220	
2217	002217	合力泰	5.34	0.0	0	5.87	4.81	3116416220	2699964957	1	0.01	20080220	
2218	002218	拓日新能	2.91	0.0	0	3.2	2.62	1236342104	1215717329	1	0.01	20080228	
2219	002219	恒康医疗	2.33	0.0	0	2.56	2.1	1865236430	1844188972	1	0.01	20080306	
2220	002220	ST天宝	1.51	0.0	0	1.59	1.43	766480153	661128653	1	0.01	20080228	
2221	002221	东华能源	7.7	0.0	0	8.47	6.93	1649782824	1517591794	1	0.01	20080306	
2222	002222	福晶科技	12.02	0.0	0	13.22	10.82	427500000	422924999	1	0.01	20080319	
2223	002223	鱼跃医疗	19.08	0.0	0	20.99	17.17	1002476929	866855647	1	0.01	20080418	
2224	002224	三 力 士	5.9	0.0	0	6.49	5.31	716207212	529307257	1	0.01	20080425	
2225	002225	濮耐股份	4.13	0.0	0	4.54	3.72	1033758779	685820165	1	0.01	20080425	
2226	002226	江南化工	5.32	0.0	0	5.85	4.79	1248981690	958293393	1	0.01	20080506	
2227	002227	奥 特 迅	10.31	0.0	0	11.34	9.28	220597400	220306588	1	0.01	20080506	
2228	002228	合兴包装	4.0	0.0	0	4.4	3.6	1169516948	1165437058	1	0.01	20080508	
2229	002229	鸿博股份	6.46	0.0	0	7.11	5.81	498344263	410284796	1	0.01	20080508	
2230	002230	科大讯飞	33.07	0.0	0	36.38	29.76	2198575067	1850710309	1	0.01	20080512	
2231	002231	奥维通信	6.92	0.0	0	7.61	6.23	356800000	288925000	1	0.01	20080512	
2232	002232	启明信息	8.7	0.0	0	9.57	7.83	408548455	403712418	1	0.01	20080509	
2233	002233	塔牌集团	11.67	0.0	0	12.84	10.5	1192275016	1162049705	1	0.01	20080516	
2234	002234	民和股份	30.78	0.0	0	33.86	27.7	302046632	206154259	1	0.01	20080516	
2235	002235	安妮股份	8.52	0.0	0	9.37	7.67	581744284	524769506	1	0.01	20080516	
2236	002236	大华股份	18.79	0.0	0	20.67	16.91	3007991230	1813640519	1	0.01	20080520	
2237	002237	恒邦股份	13.32	0.0	0	14.65	11.99	910400000	851675000	1	0.01	20080520	
2238	002238	天威视讯	7.7	0.0	0	8.47	6.93	617353200	617353200	1	0.01	20080526	
2239	002239	奥特佳	1.69	0.0	0	1.86	1.52	3131359417	3092283285	1	0.01	20080522	
2240	002240	威华股份	6.87	0.0	0	7.56	6.18	657206069	490631775	1	0.01	20080523	
2241	002241	歌尔股份	20.29	0.0	0	22.32	18.26	3245103948	2765645953	1	0.01	20080522	
2242	002242	九阳股份	22.75	0.0	0	25.03	20.48	767312000	763038540	1	0.01	20080528	
2243	002243	通产丽星	14.6	0.0	0	16.06	13.14	1164606059	364948956	1	0.01	20080528	
2244	002244	滨江集团	4.66	0.0	0	5.13	4.19	3111443890	2702903890	1	0.01	20080529	
2245	002245	澳洋顺昌	3.88	0.0	0	4.27	3.49	981311778	914188579	1	0.01	20080605	
2246	002246	北化股份	7.23	0.0	0	7.95	6.51	549034794	449896561	1	0.01	20080605	
2247	002247	聚力文化	2.88	0.0	0	3.17	2.59	850870049	544521481	1	0.01	20080612	
2248	002248	华东数控	7.57	0.0	0	8.33	6.81	307495600	292998237	1	0.01	20080612	
2249	002249	大洋电机	3.72	0.0	0	4.09	3.35	2365530164	1636014320	1	0.01	20080619	
2250	002250	联化科技	16.34	0.0	0	17.97	14.71	923878056	896649776	1	0.01	20080619	
2251	002251	步 步 高	8.6	0.0	0	9.46	7.74	863903951	863903951	1	0.01	20080619	
2252	002252	上海莱士	7.22	0.0	0	7.94	6.5	4974622099	4972388449	1	0.01	20080623	
2253	002253	川大智胜	14.0	0.0	0	15.4	12.6	225626095	207372219	1	0.01	20080623	
2254	002254	泰和新材	10.45	0.0	0	11.5	9.41	610833600	610827019	1	0.01	20080625	
2255	002255	海陆重工	3.16	0.0	0	3.48	2.84	842271055	644431087	1	0.01	20080625	
2256	002256	兆新股份	2.51	0.0	0	2.76	2.26	1882411872	1388957513	1	0.01	20080625	
2258	002258	利尔化学	12.36	0.0	0	13.6	11.12	524376406	522215015	1	0.01	20080708	
2259	002259	*ST升达	2.25	0.0	0	2.36	2.14	752328267	715724519	1	0.01	20080716	
2261	002261	拓维信息	6.77	0.0	0	7.45	6.09	1100766874	879173176	1	0.01	20080723	
2262	002262	恩华药业	11.17	0.0	0	12.29	10.05	1019387711	887229194	1	0.01	20080723	
2263	002263	*ST东南	2.07	0.0	0	2.17	1.97	1878360100	1878345700	1	0.01	20080728	
2264	002264	新 华 都	4.7	0.0	0	5.17	4.23	684563880	679407963	1	0.01	20080731	
2265	002265	西仪股份	8.69	0.0	0	9.56	7.82	318566172	304055131	1	0.01	20080806	
2266	002266	浙富控股	4.19	0.0	0	4.61	3.77	1978719849	1637548918	1	0.01	20080806	
2267	002267	陕天然气	7.08	0.0	0	7.79	6.37	1112075445	1112075445	1	0.01	20080813	
2268	002268	卫 士 通	26.6	0.0	0	29.26	23.94	838336028	809894075	1	0.01	20080811	
2269	002269	美邦服饰	2.32	0.0	0	2.55	2.09	2512500000	2512500000	1	0.01	20080828	
2270	002270	华明装备	4.93	0.0	0	5.42	4.44	759239130	738926457	1	0.01	20080905	
2271	002271	东方雨虹	23.9	0.0	0	26.29	21.51	1487734293	990607978	1	0.01	20080910	
2272	002272	川润股份	4.43	0.0	0	4.87	3.99	430082000	324658288	1	0.01	20080919	
2273	002273	水晶光电	16.44	0.0	0	18.08	14.8	1152892827	1113829888	1	0.01	20080919	
2274	002274	华昌化工	6.04	0.0	0	6.64	5.44	952364646	937999130	1	0.01	20080925	
2275	002275	桂林三金	12.77	0.0	0	14.05	11.49	590200000	533391150	1	0.01	20090710	
2276	002276	万马股份	7.27	0.0	0	8.0	6.54	1035489098	1033881936	1	0.01	20090710	
2277	002277	友阿股份	3.19	0.0	0	3.51	2.87	1394172800	1394172800	1	0.01	20090717	
2278	002278	神开股份	6.35	0.0	0	6.99	5.72	363909648	343984823	1	0.01	20090811	
2279	002279	久其软件	5.72	0.0	0	6.29	5.15	711233390	608702028	1	0.01	20090811	
2280	002280	联络互动	3.91	0.0	0	4.3	3.52	2177149675	1763026360	1	0.01	20090821	
2281	002281	光迅科技	28.53	0.0	0	31.38	25.68	677031918	628561752	1	0.01	20090821	
2282	002282	博深股份	8.22	0.0	0	9.04	7.4	437738511	235175226	1	0.01	20090821	
2283	002283	天润曲轴	3.63	0.0	0	3.99	3.27	1127553978	963067440	1	0.01	20090821	
2284	002284	亚太股份	5.52	0.0	0	6.07	4.97	737603299	686018941	1	0.01	20090828	
2285	002285	世联行	3.51	0.0	0	3.86	3.16	2042970972	2009664876	1	0.01	20090828	
2286	002286	保龄宝	5.88	0.0	0	6.47	5.29	369256000	369252663	1	0.01	20090828	
2287	002287	奇正藏药	21.33	0.0	0	23.46	19.2	530180979	527123969	1	0.01	20090828	
2288	002288	超华科技	4.89	0.0	0	5.38	4.4	931643744	757412797	1	0.01	20090903	
2289	002289	*ST宇顺	8.25	0.0	0	8.66	7.84	280253733	258767577	1	0.01	20090903	
2290	002290	*ST中科	5.14	0.0	0	5.4	4.88	242712330	216003546	1	0.01	20090903	
2291	002291	星期六	13.28	0.0	0	14.61	11.95	658813336	398921895	1	0.01	20090903	
2292	002292	奥飞娱乐	9.52	0.0	0	10.47	8.57	1357159525	813500409	1	0.01	20090910	
2293	002293	罗莱生活	8.88	0.0	0	9.77	7.99	831163861	777568770	1	0.01	20090910	
2294	002294	信立泰	18.56	0.0	0	20.42	16.7	1046016000	1045869300	1	0.01	20090910	
2295	002295	精艺股份	7.39	0.0	0	8.13	6.65	250616000	250180250	1	0.01	20090929	
2296	002296	辉煌科技	8.08	0.0	0	8.89	7.27	376656420	328961911	1	0.01	20090929	
2297	002297	博云新材	6.25	0.0	0	6.88	5.63	471315045	470091046	1	0.01	20090929	
2298	002298	中电兴发	7.5	0.0	0	8.25	6.75	691505915	527793918	1	0.01	20090929	
2299	002299	圣农发展	23.29	0.0	0	25.62	20.96	1239480517	1110900000	1	0.01	20091021	
2300	002300	太阳电缆	6.47	0.0	0	7.12	5.82	596970000	596924139	1	0.01	20091021	
2301	002301	齐心集团	12.2	0.0	0	13.42	10.98	734020099	640478520	1	0.01	20091021	
2302	002302	西部建设	11.19	0.0	0	12.31	10.07	1262354304	1239058850	1	0.01	20091103	
2303	002303	美盈森	5.11	0.0	0	5.62	4.6	1531323685	1530758335	1	0.01	20091103	
2304	002304	洋河股份	109.0	0.0	0	119.9	98.1	1506988000	1248939574	1	0.01	20091106	
2305	002305	南国置业	2.12	0.0	0	2.33	1.91	1734215770	1731735031	1	0.01	20091106	
2306	002306	ST云网	2.57	0.0	0	2.7	2.44	800000000	792447062	1	0.01	20091111	
2307	002307	北新路桥	5.68	0.0	0	6.25	5.11	898206436	891710820	1	0.01	20091111	
2308	002308	威创股份	4.53	0.0	0	4.98	4.08	906214651	902850299	1	0.01	20091127	
2309	002309	中利集团	5.97	0.0	0	6.57	5.37	871787068	696499514	1	0.01	20091127	
2310	002310	东方园林	4.85	0.0	0	5.34	4.37	2685462004	1647452803	1	0.01	20091127	
2311	002311	海大集团	33.76	0.0	0	37.14	30.38	1580870934	1552604005	1	0.01	20091127	
2312	002312	三泰控股	4.12	0.0	0	4.53	3.71	1378091733	1348632537	1	0.01	20091203	
2313	002313	日海智能	19.97	0.0	0	21.97	17.97	312000000	311350599	1	0.01	20091203	
2314	002314	南山控股	3.01	0.0	0	3.31	2.71	2707782513	1137489881	1	0.01	20091203	
2315	002315	焦点科技	18.17	0.0	0	19.99	16.35	235000000	117390322	1	0.01	20091209	
2316	002316	亚联发展	7.84	0.0	0	8.62	7.06	393120000	293413643	1	0.01	20091209	
2317	002317	众生药业	10.04	0.0	0	11.04	9.04	814461076	781748280	1	0.01	20091211	
2318	002318	久立特材	8.96	0.0	0	9.86	8.06	841533475	817743420	1	0.01	20091211	
2319	002319	乐通股份	8.82	0.0	0	9.7	7.94	200000000	199962031	1	0.01	20091211	
2320	002320	海峡股份	11.18	0.0	0	12.3	10.06	990636972	837545775	1	0.01	20091216	
2321	002321	华英农业	5.43	0.0	0	5.97	4.89	534291100	531040914	1	0.01	20091216	
2322	002322	理工环科	11.55	0.0	0	12.71	10.4	396662205	350954475	1	0.01	20091218	
2323	002323	ST百特	2.6	0.0	0	2.73	2.47	745729656	317618625	1	0.01	20091218	
2324	002324	普利特	12.98	0.0	0	14.28	11.68	528157457	306777724	1	0.01	20091218	
2325	002325	洪涛股份	3.11	0.0	0	3.42	2.8	1249439441	929707269	1	0.01	20091222	
2326	002326	永太科技	9.5	0.0	0	10.45	8.55	878996469	657894302	1	0.01	20091222	
2327	002327	富安娜	6.61	0.0	0	7.27	5.95	849297251	498642468	1	0.01	20091230	
2328	002328	新朋股份	3.82	0.0	0	4.2	3.44	761770000	550524957	1	0.01	20091230	
2329	002329	皇氏集团	3.87	0.0	0	4.26	3.48	837640035	496986446	1	0.01	20100106	
2330	002330	得利斯	7.94	0.0	0	8.73	7.15	502000000	501868900	1	0.01	20100106	
2331	002331	皖通科技	9.64	0.0	0	10.6	8.68	412072469	332333098	1	0.01	20100106	
2332	002332	仙琚制药	9.67	0.0	0	10.64	8.7	916212166	904009941	1	0.01	20100112	
2333	002333	*ST罗普	4.62	0.0	0	4.85	4.39	502603600	484969720	1	0.01	20100112	
2334	002334	英威腾	4.36	0.0	0	4.8	3.92	753498210	607888070	1	0.01	20100113	
2335	002335	科华恒盛	15.96	0.0	0	17.56	14.36	271510230	222912860	1	0.01	20100113	
2336	002336	*ST人乐	5.14	0.0	0	5.4	4.88	440000000	373175000	1	0.01	20100113	
2337	002337	赛象科技	3.61	0.0	0	3.97	3.25	588615750	587730751	1	0.01	20100115	
2338	002338	奥普光电	14.6	0.0	0	16.06	13.14	240000000	239978550	1	0.01	20100115	
2339	002339	积成电子	6.21	0.0	0	6.83	5.59	511804800	428627588	1	0.01	20100122	
2340	002340	格林美	4.44	0.0	0	4.88	4.0	4149633873	4124745207	1	0.01	20100122	
2341	002341	新纶科技	5.52	0.0	0	6.07	4.97	1152214592	737513671	1	0.01	20100122	
2342	002342	巨力索具	3.07	0.0	0	3.38	2.76	960000000	881135625	1	0.01	20100126	
2343	002343	慈文传媒	10.86	0.0	0	11.95	9.77	474949686	402390210	1	0.01	20100126	
2344	002344	海宁皮城	4.13	0.0	0	4.54	3.72	1282745046	1275433383	1	0.01	20100126	
2345	002345	潮宏基	3.87	0.0	0	4.26	3.48	905412707	878699215	1	0.01	20100128	
2346	002346	柘中股份	10.92	0.0	0	12.01	9.83	441575416	394632807	1	0.01	20100128	
2347	002347	泰尔股份	4.32	0.0	0	4.75	3.89	447019662	316774985	1	0.01	20100128	
2348	002348	高乐股份	3.3	0.0	0	3.63	2.97	947200000	743090529	1	0.01	20100203	
2349	002349	精华制药	4.34	0.0	0	4.77	3.91	835724374	821250432	1	0.01	20100203	
2350	002350	北京科锐	5.41	0.0	0	5.95	4.87	499986885	488464608	1	0.01	20100203	
2351	002351	漫步者	24.78	0.0	0	27.26	22.3	592765000	291341200	1	0.01	20100205	
2352	002352	顺丰控股	38.01	0.0	0	41.81	34.21	4414585265	1630952093	1	0.01	20100205	
2353	002353	杰瑞股份	34.8	0.0	0	38.28	31.32	957853992	666029647	1	0.01	20100205	
2354	002354	天神娱乐	2.79	0.0	0	3.07	2.51	932142900	700094581	1	0.01	20100209	
2355	002355	兴民智通	6.87	0.0	0	7.56	6.18	620570400	578600169	1	0.01	20100209	
2356	002356	*ST赫美	2.35	0.0	0	2.47	2.23	527806548	480239402	1	0.01	20100209	
2357	002357	富临运业	6.01	0.0	0	6.61	5.41	313489036	313235258	1	0.01	20100210	
2358	002358	森源电气	6.71	0.0	0	7.38	6.04	929756977	910424530	1	0.01	20100210	
2359	002359	*ST北讯	2.21	0.0	0	2.32	2.1	1087191760	708560000	1	0.01	20100210	
2360	002360	同德化工	5.19	0.0	0	5.71	4.67	391512600	296579467	1	0.01	20100303	
2361	002361	神剑股份	4.22	0.0	0	4.64	3.8	837574116	624655349	1	0.01	20100303	
2362	002362	汉王科技	15.76	0.0	0	17.34	14.18	216989292	178815976	1	0.01	20100303	
2363	002363	隆基机械	6.26	0.0	0	6.89	5.63	416100301	415758167	1	0.01	20100305	
2364	002364	中恒电气	11.56	0.0	0	12.72	10.4	563564960	504436158	1	0.01	20100305	
2365	002365	永安药业	9.52	0.0	0	10.47	8.57	294682500	241099309	1	0.01	20100305	
2366	002366	台海核电	6.87	0.0	0	7.56	6.18	867057350	499821631	1	0.01	20100312	
2367	002367	康力电梯	7.49	0.0	0	8.24	6.74	797652687	524281658	1	0.01	20100312	
2368	002368	太极股份	39.57	0.0	0	43.53	35.61	412777523	404875710	1	0.01	20100312	
2369	002369	卓翼科技	9.31	0.0	0	10.24	8.38	577906704	419606535	1	0.01	20100316	
2370	002370	亚太药业	6.79	0.0	0	7.47	6.11	536494456	463960190	1	0.01	20100316	
2371	002371	北方华创	82.5	0.0	0	90.75	74.25	490646773	457896374	1	0.01	20100316	
2372	002372	伟星新材	12.89	0.0	0	14.18	11.6	1573112988	1414687687	1	0.01	20100318	
2373	002373	千方科技	17.86	0.0	0	19.65	16.07	1486625775	953401207	1	0.01	20100318	
2374	002374	丽鹏股份	2.85	0.0	0	3.14	2.57	877427468	790829858	1	0.01	20100318	
2375	002375	亚厦股份	5.63	0.0	0	6.19	5.07	1339996498	1213301153	1	0.01	20100323	
2376	002376	新北洋	11.91	0.0	0	13.1	10.72	665712402	641438341	1	0.01	20100323	
2377	002377	国创高新	3.93	0.0	0	4.32	3.54	916325201	485966859	1	0.01	20100323	
2378	002378	章源钨业	5.04	0.0	0	5.54	4.54	924167436	923218050	1	0.01	20100331	
2379	002379	宏创控股	3.46	0.0	0	3.81	3.11	926400000	926400000	1	0.01	20100331	
2380	002380	科远智慧	13.63	0.0	0	14.99	12.27	239991649	143353629	1	0.01	20100331	
2381	002381	双箭股份	7.92	0.0	0	8.71	7.13	411572264	312960244	1	0.01	20100402	
2382	002382	蓝帆医疗	12.39	0.0	0	13.63	11.15	964031086	640366838	1	0.01	20100402	
2383	002383	合众思壮	9.51	0.0	0	10.46	8.56	745158184	522566142	1	0.01	20100402	
2384	002384	东山精密	21.5	0.0	0	23.65	19.35	1606572477	1222666662	1	0.01	20100409	
2385	002385	大北农	4.11	0.0	0	4.52	3.7	4195329495	2781543701	1	0.01	20100409	
2386	002386	天原集团	5.63	0.0	0	6.19	5.07	780857017	780778873	1	0.01	20100409	
2387	002387	维信诺	16.07	0.0	0	17.68	14.46	1367663046	1067812149	1	0.01	20100413	
2388	002388	新亚制程	7.02	0.0	0	7.72	6.32	503766600	399600000	1	0.01	20100413	
2389	002389	航天彩虹	10.8	0.0	0	11.88	9.72	946062685	596685522	1	0.01	20100413	
2390	002390	信邦制药	5.26	0.0	0	5.79	4.73	1667228611	1595731746	1	0.01	20100416	
2391	002391	长青股份	7.94	0.0	0	8.73	7.15	539261313	334525299	1	0.01	20100416	
2392	002392	北京利尔	3.71	0.0	0	4.08	3.34	1190490839	808957697	1	0.01	20100423	
2393	002393	力生制药	26.53	0.0	0	29.18	23.88	182454992	182454992	1	0.01	20100423	
2394	002394	联发股份	9.23	0.0	0	10.15	8.31	336648000	322063209	1	0.01	20100423	
2395	002395	双象股份	26.82	0.0	0	29.5	24.14	178806000	178806000	1	0.01	20100429	
2396	002396	星网锐捷	33.95	0.0	0	37.35	30.56	583280278	560740315	1	0.01	20100623	
2397	002397	梦洁股份	4.91	0.0	0	5.4	4.42	764071443	484563204	1	0.01	20100429	
2398	002398	垒知集团	5.77	0.0	0	6.35	5.19	692508627	529785465	1	0.01	20100506	
2399	002399	海普瑞	18.49	0.0	0	20.34	16.64	1247201704	1247201704	1	0.01	20100506	
2400	002400	省广集团	2.88	0.0	0	3.17	2.59	1743337128	1674758205	1	0.01	20100506	
2401	002401	中远海科	11.01	0.0	0	12.11	9.91	303240000	302167026	1	0.01	20100506	
2402	002402	和而泰	12.37	0.0	0	13.61	11.13	855435396	718492897	1	0.01	20100511	
2403	002403	爱仕达	8.5	0.0	0	9.35	7.65	350320801	315618676	1	0.01	20100511	
2404	002404	嘉欣丝绸	6.42	0.0	0	7.06	5.78	577673641	459065751	1	0.01	20100511	
2405	002405	四维图新	15.83	0.0	0	17.41	14.25	1961563170	1575550208	1	0.01	20100518	
2406	002406	远东传动	5.44	0.0	0	5.98	4.9	561000000	415701778	1	0.01	20100518	
2407	002407	多氟多	12.11	0.0	0	13.32	10.9	683920481	579408936	1	0.01	20100518	
2408	002408	齐翔腾达	7.0	0.0	0	7.7	6.3	1775209253	1739120321	1	0.01	20100518	
2409	002409	雅克科技	20.71	0.0	0	22.78	18.64	462853503	237758394	1	0.01	20100525	
2410	002410	广联达	32.94	0.0	0	36.23	29.65	1127551939	890785233	1	0.01	20100525	
2411	002411	延安必康	15.62	0.0	0	17.18	14.06	1532283909	1426455765	1	0.01	20100525	
2412	002412	汉森制药	8.34	0.0	0	9.17	7.51	503200000	489302500	1	0.01	20100525	
2413	002413	雷科防务	5.39	0.0	0	5.93	4.85	1081167450	1030858384	1	0.01	20100528	
2414	002414	高德红外	20.16	0.0	0	22.18	18.14	936384046	733758750	1	0.01	20100716	
2415	002415	海康威视	31.41	0.0	0	34.55	28.27	9345010696	8074006784	1	0.01	20100528	
2416	002416	爱施德	7.77	0.0	0	8.55	6.99	1239281806	1223336055	1	0.01	20100528	
2417	002417	深南股份	7.01	0.0	0	7.71	6.31	270000000	229455967	1	0.01	20100601	
2418	002418	康盛股份	2.82	0.0	0	3.1	2.54	1136400000	1003138026	1	0.01	20100601	
2419	002419	天虹股份	10.47	0.0	0	11.52	9.42	1200300000	1199842061	1	0.01	20100601	
2420	002420	*ST毅昌	4.04	0.0	0	4.24	3.84	401000000	391717442	1	0.01	20100601	
2421	002421	达实智能	3.56	0.0	0	3.92	3.2	1935039229	1648243380	1	0.01	20100603	
2422	002422	科伦药业	22.92	0.0	0	25.21	20.63	1439786060	1033425419	1	0.01	20100603	
2423	002423	中粮资本	9.3	0.0	0	10.23	8.37	2304105575	502986577	1	0.01	20100603	
2424	002424	贵州百灵	8.35	0.0	0	9.19	7.52	1411200000	727806738	1	0.01	20100603	
2425	002425	凯撒文化	5.59	0.0	0	6.15	5.03	813744432	813594432	1	0.01	20100608	
2426	002426	胜利精密	2.36	0.0	0	2.6	2.12	3441517719	2826475476	1	0.01	20100608	
2427	002427	*ST尤夫	8.96	0.0	0	9.41	8.51	398154658	384659624	1	0.01	20100608	
2428	002428	云南锗业	7.76	0.0	0	8.54	6.98	653120000	644313818	1	0.01	20100608	
2429	002429	兆驰股份	3.44	0.0	0	3.78	3.1	4526940607	4496301410	1	0.01	20100610	
2430	002430	杭氧股份	12.05	0.0	0	13.26	10.85	964603777	950185972	1	0.01	20100610	
2431	002431	棕榈股份	3.05	0.0	0	3.36	2.75	1486985450	1324570934	1	0.01	20100610	
2432	002432	九安医疗	4.98	0.0	0	5.48	4.48	432805921	432805921	1	0.01	20100610	
2433	002433	太安堂	4.44	0.0	0	4.88	4.0	766773200	736923200	1	0.01	20100618	
2434	002434	万里扬	9.18	0.0	0	10.1	8.26	1340000000	1009076300	1	0.01	20100618	
2435	002435	长江健康	4.0	0.0	0	4.4	3.6	1235983020	1199594549	1	0.01	20100618	
2436	002436	兴森科技	7.6	0.0	0	8.36	6.84	1487907504	1262559237	1	0.01	20100618	
2437	002437	誉衡药业	2.92	0.0	0	3.21	2.63	2198122950	2174785679	1	0.01	20100623	
2438	002438	江苏神通	7.89	0.0	0	8.68	7.1	485756156	401554436	1	0.01	20100623	
2439	002439	启明星辰	34.22	0.0	0	37.64	30.8	896692587	634265590	1	0.01	20100623	
2440	002440	闰土股份	10.85	0.0	0	11.94	9.77	1150500000	937307012	1	0.01	20100706	
2441	002441	众业达	6.97	0.0	0	7.67	6.27	544846509	393940623	1	0.01	20100706	
2442	002442	龙星化工	5.76	0.0	0	6.34	5.18	480000000	479552250	1	0.01	20100706	
2443	002443	金洲管道	6.66	0.0	0	7.33	5.99	520535520	510693003	1	0.01	20100706	
2444	002444	巨星科技	10.26	0.0	0	11.29	9.23	1075247700	1011855624	1	0.01	20100713	
2445	002445	ST中南	1.47	0.0	0	1.54	1.4	1389390631	1281928899	1	0.01	20100713	
2446	002446	盛路通信	9.17	0.0	0	10.09	8.25	895881246	619281163	1	0.01	20100713	
2447	002447	晨鑫科技	3.23	0.0	0	3.55	2.91	1427193000	1350699863	1	0.01	20100713	
2448	002448	中原内配	5.26	0.0	0	5.79	4.73	607370105	470952495	1	0.01	20100716	
2449	002449	国星光电	12.77	0.0	0	14.05	11.49	618477169	607750975	1	0.01	20100716	
2450	002450	*ST康得	3.52	0.0	0	3.7	3.34	3540900282	3230554226	1	0.01	20100716	
2451	002451	摩恩电气	9.16	0.0	0	10.08	8.24	439200000	416344700	1	0.01	20100720	
2452	002452	长高集团	4.89	0.0	0	5.38	4.4	529400000	441151254	1	0.01	20100720	
2453	002453	华软科技	5.45	0.0	0	6.0	4.91	571300000	554715172	1	0.01	20100720	
2454	002454	松芝股份	4.78	0.0	0	5.26	4.3	628581600	624422478	1	0.01	20100720	
2455	002455	百川股份	5.23	0.0	0	5.75	4.71	516977142	393944665	1	0.01	20100803	
2456	002456	欧菲光	16.1	0.0	0	17.71	14.49	2712867125	2668030164	1	0.01	20100803	
2457	002457	青龙管业	7.89	0.0	0	8.68	7.1	334992000	326996486	1	0.01	20100803	
2458	002458	益生股份	27.63	0.0	0	30.39	24.87	574025758	355464560	1	0.01	20100810	
2459	002459	晶澳科技	11.53	0.0	0	12.68	10.38	1341675370	388689351	1	0.01	20100810	
2460	002460	赣锋锂业	32.29	0.0	0	35.52	29.06	1292600241	800563190	1	0.01	20100810	
2461	002461	珠江啤酒	7.08	0.0	0	7.79	6.37	2213328480	1360321586	1	0.01	20100818	
2462	002462	嘉事堂	15.82	0.0	0	17.4	14.24	291707120	250526315	1	0.01	20100818	
2463	002463	沪电股份	21.83	0.0	0	24.01	19.65	1724717363	1688349041	1	0.01	20100818	
2464	002464	众应互联	6.79	0.0	0	7.47	6.11	521794388	521749964	1	0.01	20100831	
2465	002465	海格通信	10.42	0.0	0	11.46	9.38	2305324840	2138547820	1	0.01	20100831	
2466	002466	天齐锂业	29.06	0.0	0	31.97	26.15	1141987945	1138122870	1	0.01	20100831	
2467	002467	二六三	5.37	0.0	0	5.91	4.83	1353705178	1153778304	1	0.01	20100908	
2468	002468	申通快递	18.52	0.0	0	20.37	16.67	1530802166	331776000	1	0.01	20100908	
2469	002469	三维工程	4.12	0.0	0	4.53	3.71	503262849	463423225	1	0.01	20100908	
2470	002470	金正大	2.57	0.0	0	2.83	2.31	3286027742	2836557330	1	0.01	20100908	
2471	002471	中超控股	2.29	0.0	0	2.52	2.06	1268000000	1265090031	1	0.01	20100910	
2472	002472	双环传动	5.37	0.0	0	5.91	4.83	686549541	556064126	1	0.01	20100910	
2473	002473	圣莱达	8.6	0.0	0	9.46	7.74	160000000	160000000	1	0.01	20100910	
2474	002474	榕基软件	8.12	0.0	0	8.93	7.31	622200000	469278270	1	0.01	20100915	
2475	002475	立讯精密	35.39	0.0	0	38.93	31.85	5349001738	5343639875	1	0.01	20100915	
2476	002476	宝莫股份	6.71	0.0	0	7.38	6.04	612000000	577756912	1	0.01	20100915	
2478	002478	常宝股份	5.85	0.0	0	6.44	5.27	959992879	596984755	1	0.01	20100921	
2479	002479	富春环保	7.04	0.0	0	7.74	6.34	888888000	882144220	1	0.01	20100921	
2480	002480	新筑股份	3.82	0.0	0	4.2	3.44	651026035	639996775	1	0.01	20100921	
2481	002481	双塔食品	7.8	0.0	0	8.58	7.02	1243390000	1107127652	1	0.01	20100921	
2482	002482	广田集团	4.27	0.0	0	4.7	3.84	1537279657	1529294596	1	0.01	20100929	
2483	002483	润邦股份	4.12	0.0	0	4.53	3.71	672447760	671230147	1	0.01	20100929	
2484	002484	江海股份	7.3	0.0	0	8.03	6.57	815155441	763647129	1	0.01	20100929	
2485	002485	希努尔	6.07	0.0	0	6.68	5.46	544000000	544000000	1	0.01	20101015	
2486	002486	嘉麟杰	3.26	0.0	0	3.59	2.93	832000000	832000000	1	0.01	20101015	
2487	002487	大金重工	5.07	0.0	0	5.58	4.56	555090000	537355625	1	0.01	20101015	
2488	002488	金固股份	7.16	0.0	0	7.88	6.44	1011313764	768918440	1	0.01	20101021	
2489	002489	浙江永强	4.19	0.0	0	4.61	3.77	2175736503	1878686453	1	0.01	20101021	
2490	002490	山东墨龙	3.77	0.0	0	4.15	3.39	797848400	347571750	1	0.01	20101021	
2491	002491	通鼎互联	6.62	0.0	0	7.28	5.96	1261553144	1176508371	1	0.01	20101021	
2492	002492	恒基达鑫	6.1	0.0	0	6.71	5.49	405000000	398131742	1	0.01	20101102	
2493	002493	荣盛石化	12.31	0.0	0	13.54	11.08	6291107750	5816219475	1	0.01	20101102	
2494	002494	华斯股份	5.2	0.0	0	5.72	4.68	385560818	295947607	1	0.01	20101102	
2495	002495	佳隆股份	2.83	0.0	0	3.11	2.55	935625600	713934903	1	0.01	20101102	
2496	002496	辉丰股份	2.82	0.0	0	3.1	2.54	1507562232	968751806	1	0.01	20101109	
2497	002497	雅化集团	6.16	0.0	0	6.78	5.54	958688400	845901444	1	0.01	20101109	
2498	002498	汉缆股份	2.91	0.0	0	3.2	2.62	3326796000	3326796000	1	0.01	20101109	
2499	002499	*ST科林	5.01	0.0	0	5.26	4.76	189000000	188984175	1	0.01	20101109	
2500	002500	山西证券	7.93	0.0	0	8.72	7.14	2828725153	2828725153	1	0.01	20101115	
2501	002501	*ST利源	1.69	0.0	0	1.77	1.61	1214835580	1135079586	1	0.01	20101117	
2502	002502	鼎龙文化	3.24	0.0	0	3.56	2.92	859828874	700040653	1	0.01	20101117	
2503	002503	搜于特	2.19	0.0	0	2.41	1.97	3092505396	2122707917	1	0.01	20101117	
2504	002504	弘高创意	3.3	0.0	0	3.63	2.97	1025800523	414548971	1	0.01	20101118	
2505	002505	大康农业	1.69	0.0	0	1.86	1.52	5485372200	5485372200	1	0.01	20101118	
2506	002506	协鑫集成	5.8	0.0	0	6.38	5.22	5081540800	5069695400	1	0.01	20101118	
2507	002507	涪陵榨菜	26.13	0.0	0	28.74	23.52	789357241	777530872	1	0.01	20101123	
2508	002508	老板电器	32.6	0.0	0	35.86	29.34	949024050	934900781	1	0.01	20101123	
2509	002509	天广中茂	1.41	0.0	0	1.55	1.27	2492492696	2088435205	1	0.01	20101123	
2510	002510	天汽模	4.1	0.0	0	4.51	3.69	920851132	786930677	1	0.01	20101125	
2511	002511	中顺洁柔	12.45	0.0	0	13.7	11.21	1308891273	1253416838	1	0.01	20101125	
2512	002512	达华智能	6.44	0.0	0	7.08	5.8	1095386132	854699684	1	0.01	20101203	
2513	002513	蓝丰生化	6.75	0.0	0	7.43	6.08	340086278	314399207	1	0.01	20101203	
2514	002514	宝馨科技	5.81	0.0	0	6.39	5.23	554034264	405543559	1	0.01	20101203	
2515	002515	金字火腿	5.15	0.0	0	5.67	4.64	978313280	821081707	1	0.01	20101203	
2516	002516	旷达科技	2.64	0.0	0	2.9	2.38	1470838682	938521289	1	0.01	20101207	
2517	002517	恺英网络	2.67	0.0	0	2.94	2.4	2152517634	1600041927	1	0.01	20101207	
2518	002518	科士达	9.98	0.0	0	10.98	8.98	582445394	558163643	1	0.01	20101207	
2519	002519	银河电子	3.77	0.0	0	4.15	3.39	1126430898	966124363	1	0.01	20101207	
2520	002520	日发精机	7.14	0.0	0	7.85	6.43	755861482	504177277	1	0.01	20101210	
2521	002521	齐峰新材	5.75	0.0	0	6.33	5.18	494685819	424914173	1	0.01	20101210	
2522	002522	浙江众成	6.11	0.0	0	6.72	5.5	905779387	855186034	1	0.01	20101210	
2523	002523	天桥起重	3.05	0.0	0	3.36	2.75	1416640800	1348516654	1	0.01	20101210	
2524	002524	光正集团	10.76	0.0	0	11.84	9.68	515729591	484227195	1	0.01	20101217	
2526	002526	山东矿机	2.23	0.0	0	2.45	2.01	1782793836	1627120605	1	0.01	20101217	
2527	002527	新时达	5.17	0.0	0	5.69	4.65	620188252	447658994	1	0.01	20101224	
2528	002528	英飞拓	5.08	0.0	0	5.59	4.57	1198675082	1045709950	1	0.01	20101224	
2529	002529	海源复材	5.6	0.0	0	6.16	5.04	260000000	260000000	1	0.01	20101224	
2530	002530	金财互联	9.81	0.0	0	10.79	8.83	779198175	636881939	1	0.01	20101231	
2531	002531	天顺风能	6.1	0.0	0	6.71	5.49	1779019047	1769006513	1	0.01	20101231	
2532	002532	新界泵业	5.83	0.0	0	6.41	5.25	503080023	430858429	1	0.01	20101231	
2533	002533	金杯电工	4.93	0.0	0	5.42	4.44	565180080	517207095	1	0.01	20101231	
2534	002534	杭锅股份	7.57	0.0	0	8.33	6.81	739265850	729795236	1	0.01	20110110	
2535	002535	林州重机	2.73	0.0	0	3.0	2.46	801683074	569303753	1	0.01	20110111	
2536	002536	飞龙股份	4.79	0.0	0	5.27	4.31	500711814	471171226	1	0.01	20110111	
2537	002537	海联金汇	6.91	0.0	0	7.6	6.22	1243535239	1237835239	1	0.01	20110110	
2538	002538	司尔特	4.6	0.0	0	5.06	4.14	718120283	698463008	1	0.01	20110118	
2539	002539	云图控股	4.64	0.0	0	5.1	4.18	1010100000	605549663	1	0.01	20110118	
2540	002540	亚太科技	4.07	0.0	0	4.48	3.66	1270529500	894932863	1	0.01	20110118	
2541	002541	鸿路钢构	10.68	0.0	0	11.75	9.61	523718853	369524687	1	0.01	20110118	
2542	002542	中化岩土	3.68	0.0	0	4.05	3.31	1805546322	1175486571	1	0.01	20110128	
2543	002543	万和电气	9.23	0.0	0	10.15	8.31	743600000	630839397	1	0.01	20110128	
2544	002544	杰赛科技	13.02	0.0	0	14.32	11.72	571157220	512662189	1	0.01	20110128	
2545	002545	东方铁塔	7.33	0.0	0	8.06	6.6	1244062083	1032046194	1	0.01	20110211	
2546	002546	新联电子	3.98	0.0	0	4.38	3.58	834049096	781903697	1	0.01	20110211	
2547	002547	春兴精工	8.13	0.0	0	8.94	7.32	1128057168	762893868	1	0.01	20110218	
2548	002548	金新农	8.76	0.0	0	9.64	7.88	432809261	397994663	1	0.01	20110218	
